2020-05-17,00:00,Sun,316,True,P301 - P+R Slinge bovendek,316
2020-05-17,00:01,Sun,316,True,P301 - P+R Slinge bovendek,316
2020-05-17,00:02,Sun,316,True,P301 - P+R Slinge bovendek,316
2020-05-17,00:03,Sun,316,True,P301 - P+R Slinge bovendek,316
2020-05-17,00:04,Sun,316,True,P301 - P+R Slinge bovendek,316
2020-05-17,00:05,Sun,316,True,P301 - P+R Slinge bovendek,316
2020-05-17,00:06,Sun,316,True,P301 - P+R Slinge bovendek,316
2020-05-17,00:07,Sun,316,True,P301 - P+R Slinge bovendek,316
2020-05-17,00:08,Sun,316,True,P301 - P+R Slinge bovendek,316
2020-05-17,00:09,Sun,316,True,P301 - P+R Slinge bovendek,316
2020-05-17,00:10,Sun,316,True,P301 - P+R Slinge bovendek,316
2020-05-17,00:11,Sun,316,True,P301 - P+R Slinge bovendek,316
2020-05-17,00:12,Sun,316,True,P301 - P+R Slinge bovendek,316
2020-05-17,00:13,Sun,316,True,P301 - P+R Slinge bovendek,316
2020-05-17,00:14,Sun,316,True,P301 - P+R Slinge bovendek,316
2020-05-17,00:15,Sun,316,True,P301 - P+R Slinge bovendek,316
2020-05-17,00:16,Sun,316,True,P301 - P+R Slinge bovendek,316
2020-05-17,00:17,Sun,316,True,P301 - P+R Slinge bovendek,316
2020-05-17,00:18,Sun,316,True,P301 - P+R Slinge bovendek,316
2020-05-17,00:19,Sun,316,True,P301 - P+R Slinge bovendek,316
2020-05-17,00:20,Sun,316,True,P301 - P+R Slinge bovendek,316
2020-05-17,00:21,Sun,316,True,P301 - P+R Slinge bovendek,316
2020-05-17,00:22,Sun,316,True,P301 - P+R Slinge bovendek,316
2020-05-17,00:23,Sun,316,True,P301 - P+R Slinge bovendek,316
2020-05-17,00:24,Sun,316,True,P301 - P+R Slinge bovendek,316
2020-05-17,00:25,Sun,316,True,P301 - P+R Slinge bovendek,316
2020-05-17,00:26,Sun,316,True,P301 - P+R Slinge bovendek,316
2020-05-17,00:27,Sun,316,True,P301 - P+R Slinge bovendek,316
2020-05-17,00:28,Sun,316,True,P301 - P+R Slinge bovendek,316
2020-05-17,00:29,Sun,316,True,P301 - P+R Slinge bovendek,316
2020-05-17,00:30,Sun,316,True,P301 - P+R Slinge bovendek,316
2020-05-17,00:31,Sun,316,True,P301 - P+R Slinge bovendek,316
2020-05-17,00:32,Sun,316,True,P301 - P+R Slinge bovendek,316
2020-05-17,00:33,Sun,316,True,P301 - P+R Slinge bovendek,316
2020-05-17,00:34,Sun,316,True,P301 - P+R Slinge bovendek,316
2020-05-17,00:35,Sun,316,True,P301 - P+R Slinge bovendek,316
2020-05-17,00:36,Sun,316,True,P301 - P+R Slinge bovendek,316
2020-05-17,00:37,Sun,316,True,P301 - P+R Slinge bovendek,316
2020-05-17,00:38,Sun,316,True,P301 - P+R Slinge bovendek,316
2020-05-17,00:39,Sun,316,True,P301 - P+R Slinge bovendek,316
2020-05-17,00:40,Sun,316,True,P301 - P+R Slinge bovendek,316
2020-05-17,00:41,Sun,316,True,P301 - P+R Slinge bovendek,316
2020-05-17,00:42,Sun,316,True,P301 - P+R Slinge bovendek,316
2020-05-17,00:43,Sun,316,True,P301 - P+R Slinge bovendek,316
2020-05-17,00:44,Sun,316,True,P301 - P+R Slinge bovendek,316
2020-05-17,00:45,Sun,316,True,P301 - P+R Slinge bovendek,316
2020-05-17,00:46,Sun,316,True,P301 - P+R Slinge bovendek,316
2020-05-17,00:47,Sun,316,True,P301 - P+R Slinge bovendek,316
2020-05-17,00:48,Sun,316,True,P301 - P+R Slinge bovendek,316
2020-05-17,00:49,Sun,316,True,P301 - P+R Slinge bovendek,316
2020-05-17,00:50,Sun,316,True,P301 - P+R Slinge bovendek,316
2020-05-17,00:51,Sun,316,True,P301 - P+R Slinge bovendek,316
2020-05-17,00:52,Sun,316,True,P301 - P+R Slinge bovendek,316
2020-05-17,00:53,Sun,316,True,P301 - P+R Slinge bovendek,316
2020-05-17,00:54,Sun,316,True,P301 - P+R Slinge bovendek,316
2020-05-17,00:55,Sun,316,True,P301 - P+R Slinge bovendek,316
2020-05-17,00:56,Sun,316,True,P301 - P+R Slinge bovendek,316
2020-05-17,00:57,Sun,316,True,P301 - P+R Slinge bovendek,316
2020-05-17,00:58,Sun,316,True,P301 - P+R Slinge bovendek,316
2020-05-17,00:59,Sun,316,True,P301 - P+R Slinge bovendek,316
2020-05-17,01:00,Sun,316,True,P301 - P+R Slinge bovendek,316
2020-05-17,01:01,Sun,316,True,P301 - P+R Slinge bovendek,316
2020-05-17,01:02,Sun,316,True,P301 - P+R Slinge bovendek,316
2020-05-17,01:03,Sun,316,True,P301 - P+R Slinge bovendek,316
2020-05-17,01:04,Sun,316,True,P301 - P+R Slinge bovendek,316
2020-05-17,01:05,Sun,316,True,P301 - P+R Slinge bovendek,316
2020-05-17,01:06,Sun,316,True,P301 - P+R Slinge bovendek,316
2020-05-17,01:07,Sun,316,True,P301 - P+R Slinge bovendek,316
2020-05-17,01:08,Sun,316,True,P301 - P+R Slinge bovendek,316
2020-05-17,01:09,Sun,316,True,P301 - P+R Slinge bovendek,316
2020-05-17,01:10,Sun,316,True,P301 - P+R Slinge bovendek,316
2020-05-17,01:11,Sun,316,True,P301 - P+R Slinge bovendek,316
2020-05-17,01:12,Sun,316,True,P301 - P+R Slinge bovendek,316
2020-05-17,01:13,Sun,316,True,P301 - P+R Slinge bovendek,316
2020-05-17,01:14,Sun,316,True,P301 - P+R Slinge bovendek,316
2020-05-17,01:15,Sun,316,True,P301 - P+R Slinge bovendek,316
2020-05-17,01:16,Sun,316,True,P301 - P+R Slinge bovendek,316
2020-05-17,01:17,Sun,316,True,P301 - P+R Slinge bovendek,316
2020-05-17,01:18,Sun,316,True,P301 - P+R Slinge bovendek,316
2020-05-17,01:19,Sun,316,True,P301 - P+R Slinge bovendek,316
2020-05-17,01:20,Sun,316,True,P301 - P+R Slinge bovendek,316
2020-05-17,01:21,Sun,316,True,P301 - P+R Slinge bovendek,316
2020-05-17,01:22,Sun,316,True,P301 - P+R Slinge bovendek,316
2020-05-17,01:23,Sun,316,True,P301 - P+R Slinge bovendek,316
2020-05-17,01:24,Sun,316,True,P301 - P+R Slinge bovendek,316
2020-05-17,01:25,Sun,316,True,P301 - P+R Slinge bovendek,316
2020-05-17,01:26,Sun,316,True,P301 - P+R Slinge bovendek,316
2020-05-17,01:27,Sun,316,True,P301 - P+R Slinge bovendek,316
2020-05-17,01:28,Sun,316,True,P301 - P+R Slinge bovendek,316
2020-05-17,01:29,Sun,316,True,P301 - P+R Slinge bovendek,316
2020-05-17,01:30,Sun,316,True,P301 - P+R Slinge bovendek,316
2020-05-17,01:31,Sun,316,True,P301 - P+R Slinge bovendek,316
2020-05-17,01:32,Sun,316,True,P301 - P+R Slinge bovendek,316
2020-05-17,01:33,Sun,316,True,P301 - P+R Slinge bovendek,316
2020-05-17,01:34,Sun,316,True,P301 - P+R Slinge bovendek,316
2020-05-17,01:35,Sun,316,True,P301 - P+R Slinge bovendek,316
2020-05-17,01:36,Sun,316,True,P301 - P+R Slinge bovendek,316
2020-05-17,01:37,Sun,316,True,P301 - P+R Slinge bovendek,316
2020-05-17,01:38,Sun,316,True,P301 - P+R Slinge bovendek,316
2020-05-17,01:39,Sun,316,True,P301 - P+R Slinge bovendek,316
2020-05-17,01:40,Sun,316,True,P301 - P+R Slinge bovendek,316
2020-05-17,01:41,Sun,316,True,P301 - P+R Slinge bovendek,316
2020-05-17,01:42,Sun,316,True,P301 - P+R Slinge bovendek,316
2020-05-17,01:43,Sun,316,True,P301 - P+R Slinge bovendek,316
2020-05-17,01:44,Sun,316,True,P301 - P+R Slinge bovendek,316
2020-05-17,01:45,Sun,316,True,P301 - P+R Slinge bovendek,316
2020-05-17,01:46,Sun,316,True,P301 - P+R Slinge bovendek,316
2020-05-17,01:47,Sun,316,True,P301 - P+R Slinge bovendek,316
2020-05-17,01:48,Sun,316,True,P301 - P+R Slinge bovendek,316
2020-05-17,01:49,Sun,316,True,P301 - P+R Slinge bovendek,316
2020-05-17,01:50,Sun,316,True,P301 - P+R Slinge bovendek,316
2020-05-17,01:51,Sun,316,True,P301 - P+R Slinge bovendek,316
2020-05-17,01:52,Sun,316,True,P301 - P+R Slinge bovendek,316
2020-05-17,01:53,Sun,316,True,P301 - P+R Slinge bovendek,316
2020-05-17,01:54,Sun,316,True,P301 - P+R Slinge bovendek,316
2020-05-17,01:55,Sun,316,True,P301 - P+R Slinge bovendek,316
2020-05-17,01:56,Sun,316,True,P301 - P+R Slinge bovendek,316
2020-05-17,01:57,Sun,316,True,P301 - P+R Slinge bovendek,316
2020-05-17,01:58,Sun,316,True,P301 - P+R Slinge bovendek,316
2020-05-17,01:59,Sun,316,True,P301 - P+R Slinge bovendek,316
2020-05-17,02:00,Sun,316,True,P301 - P+R Slinge bovendek,316
2020-05-17,02:01,Sun,316,True,P301 - P+R Slinge bovendek,316
2020-05-17,02:02,Sun,316,True,P301 - P+R Slinge bovendek,316
2020-05-17,02:03,Sun,316,True,P301 - P+R Slinge bovendek,316
2020-05-17,02:04,Sun,316,True,P301 - P+R Slinge bovendek,316
2020-05-17,02:05,Sun,316,True,P301 - P+R Slinge bovendek,316
2020-05-17,02:06,Sun,316,True,P301 - P+R Slinge bovendek,316
2020-05-17,02:07,Sun,316,True,P301 - P+R Slinge bovendek,316
2020-05-17,02:08,Sun,316,True,P301 - P+R Slinge bovendek,316
2020-05-17,02:09,Sun,316,True,P301 - P+R Slinge bovendek,316
2020-05-17,02:10,Sun,316,True,P301 - P+R Slinge bovendek,316
2020-05-17,02:11,Sun,316,True,P301 - P+R Slinge bovendek,316
2020-05-17,02:12,Sun,316,True,P301 - P+R Slinge bovendek,316
2020-05-17,02:13,Sun,316,True,P301 - P+R Slinge bovendek,316
2020-05-17,02:14,Sun,316,True,P301 - P+R Slinge bovendek,316
2020-05-17,02:15,Sun,316,True,P301 - P+R Slinge bovendek,316
2020-05-17,02:16,Sun,316,True,P301 - P+R Slinge bovendek,316
2020-05-17,02:17,Sun,316,True,P301 - P+R Slinge bovendek,316
2020-05-17,02:18,Sun,316,True,P301 - P+R Slinge bovendek,316
2020-05-17,02:19,Sun,316,True,P301 - P+R Slinge bovendek,316
2020-05-17,02:20,Sun,316,True,P301 - P+R Slinge bovendek,316
2020-05-17,02:21,Sun,316,True,P301 - P+R Slinge bovendek,316
2020-05-17,02:22,Sun,316,True,P301 - P+R Slinge bovendek,316
2020-05-17,02:23,Sun,316,True,P301 - P+R Slinge bovendek,316
2020-05-17,02:24,Sun,316,True,P301 - P+R Slinge bovendek,316
2020-05-17,02:25,Sun,316,True,P301 - P+R Slinge bovendek,316
2020-05-17,02:26,Sun,316,True,P301 - P+R Slinge bovendek,316
2020-05-17,02:27,Sun,316,True,P301 - P+R Slinge bovendek,316
2020-05-17,02:28,Sun,316,True,P301 - P+R Slinge bovendek,316
2020-05-17,02:29,Sun,316,True,P301 - P+R Slinge bovendek,316
2020-05-17,02:30,Sun,316,True,P301 - P+R Slinge bovendek,316
2020-05-17,02:31,Sun,316,True,P301 - P+R Slinge bovendek,316
2020-05-17,02:32,Sun,316,True,P301 - P+R Slinge bovendek,316
2020-05-17,02:33,Sun,316,True,P301 - P+R Slinge bovendek,316
2020-05-17,02:34,Sun,316,True,P301 - P+R Slinge bovendek,316
2020-05-17,02:35,Sun,316,True,P301 - P+R Slinge bovendek,316
2020-05-17,02:36,Sun,316,True,P301 - P+R Slinge bovendek,316
2020-05-17,02:37,Sun,316,True,P301 - P+R Slinge bovendek,316
2020-05-17,02:38,Sun,316,True,P301 - P+R Slinge bovendek,316
2020-05-17,02:39,Sun,316,True,P301 - P+R Slinge bovendek,316
2020-05-17,02:40,Sun,316,True,P301 - P+R Slinge bovendek,316
2020-05-17,02:41,Sun,316,True,P301 - P+R Slinge bovendek,316
2020-05-17,02:42,Sun,316,True,P301 - P+R Slinge bovendek,316
2020-05-17,02:43,Sun,316,True,P301 - P+R Slinge bovendek,316
2020-05-17,02:44,Sun,316,True,P301 - P+R Slinge bovendek,316
2020-05-17,02:45,Sun,316,True,P301 - P+R Slinge bovendek,316
2020-05-17,02:46,Sun,316,True,P301 - P+R Slinge bovendek,316
2020-05-17,02:47,Sun,316,True,P301 - P+R Slinge bovendek,316
2020-05-17,02:48,Sun,316,True,P301 - P+R Slinge bovendek,316
2020-05-17,02:49,Sun,316,True,P301 - P+R Slinge bovendek,316
2020-05-17,02:50,Sun,316,True,P301 - P+R Slinge bovendek,316
2020-05-17,02:51,Sun,316,True,P301 - P+R Slinge bovendek,316
2020-05-17,02:52,Sun,316,True,P301 - P+R Slinge bovendek,316
2020-05-17,02:53,Sun,316,True,P301 - P+R Slinge bovendek,316
2020-05-17,02:54,Sun,316,True,P301 - P+R Slinge bovendek,316
2020-05-17,02:55,Sun,316,True,P301 - P+R Slinge bovendek,316
2020-05-17,02:56,Sun,316,True,P301 - P+R Slinge bovendek,316
2020-05-17,02:57,Sun,316,True,P301 - P+R Slinge bovendek,316
2020-05-17,02:58,Sun,316,True,P301 - P+R Slinge bovendek,316
2020-05-17,02:59,Sun,316,True,P301 - P+R Slinge bovendek,316
2020-05-17,03:00,Sun,316,True,P301 - P+R Slinge bovendek,316
2020-05-17,03:01,Sun,316,True,P301 - P+R Slinge bovendek,316
2020-05-17,03:02,Sun,316,True,P301 - P+R Slinge bovendek,316
2020-05-17,03:03,Sun,316,True,P301 - P+R Slinge bovendek,316
2020-05-17,03:04,Sun,316,True,P301 - P+R Slinge bovendek,316
2020-05-17,03:05,Sun,316,True,P301 - P+R Slinge bovendek,316
2020-05-17,03:06,Sun,316,True,P301 - P+R Slinge bovendek,316
2020-05-17,03:07,Sun,316,True,P301 - P+R Slinge bovendek,316
2020-05-17,03:08,Sun,316,True,P301 - P+R Slinge bovendek,316
2020-05-17,03:09,Sun,316,True,P301 - P+R Slinge bovendek,316
2020-05-17,03:10,Sun,316,True,P301 - P+R Slinge bovendek,316
2020-05-17,03:11,Sun,316,True,P301 - P+R Slinge bovendek,316
2020-05-17,03:12,Sun,316,True,P301 - P+R Slinge bovendek,316
2020-05-17,03:13,Sun,316,True,P301 - P+R Slinge bovendek,316
2020-05-17,03:14,Sun,316,True,P301 - P+R Slinge bovendek,316
2020-05-17,03:15,Sun,316,True,P301 - P+R Slinge bovendek,316
2020-05-17,03:16,Sun,316,True,P301 - P+R Slinge bovendek,316
2020-05-17,03:17,Sun,316,True,P301 - P+R Slinge bovendek,316
2020-05-17,03:18,Sun,316,True,P301 - P+R Slinge bovendek,316
2020-05-17,03:19,Sun,316,True,P301 - P+R Slinge bovendek,316
2020-05-17,03:20,Sun,316,True,P301 - P+R Slinge bovendek,316
2020-05-17,03:21,Sun,316,True,P301 - P+R Slinge bovendek,316
2020-05-17,03:22,Sun,316,True,P301 - P+R Slinge bovendek,316
2020-05-17,03:23,Sun,316,True,P301 - P+R Slinge bovendek,316
2020-05-17,03:24,Sun,316,True,P301 - P+R Slinge bovendek,316
2020-05-17,03:25,Sun,316,True,P301 - P+R Slinge bovendek,316
2020-05-17,03:26,Sun,316,True,P301 - P+R Slinge bovendek,316
2020-05-17,03:27,Sun,316,True,P301 - P+R Slinge bovendek,316
2020-05-17,03:28,Sun,316,True,P301 - P+R Slinge bovendek,316
2020-05-17,03:29,Sun,316,True,P301 - P+R Slinge bovendek,316
2020-05-17,03:30,Sun,316,True,P301 - P+R Slinge bovendek,316
2020-05-17,03:31,Sun,316,True,P301 - P+R Slinge bovendek,316
2020-05-17,03:32,Sun,316,True,P301 - P+R Slinge bovendek,316
2020-05-17,03:33,Sun,316,True,P301 - P+R Slinge bovendek,316
2020-05-17,03:34,Sun,316,True,P301 - P+R Slinge bovendek,316
2020-05-17,03:35,Sun,316,True,P301 - P+R Slinge bovendek,316
2020-05-17,03:36,Sun,316,True,P301 - P+R Slinge bovendek,316
2020-05-17,03:37,Sun,316,True,P301 - P+R Slinge bovendek,316
2020-05-17,03:38,Sun,316,True,P301 - P+R Slinge bovendek,316
2020-05-17,03:39,Sun,316,True,P301 - P+R Slinge bovendek,316
2020-05-17,03:40,Sun,316,True,P301 - P+R Slinge bovendek,316
2020-05-17,03:41,Sun,316,True,P301 - P+R Slinge bovendek,316
2020-05-17,03:42,Sun,316,True,P301 - P+R Slinge bovendek,316
2020-05-17,03:43,Sun,316,True,P301 - P+R Slinge bovendek,316
2020-05-17,03:44,Sun,316,True,P301 - P+R Slinge bovendek,316
2020-05-17,03:45,Sun,316,True,P301 - P+R Slinge bovendek,316
2020-05-17,03:46,Sun,316,True,P301 - P+R Slinge bovendek,316
2020-05-17,03:47,Sun,316,True,P301 - P+R Slinge bovendek,316
2020-05-17,03:48,Sun,316,True,P301 - P+R Slinge bovendek,316
2020-05-17,03:49,Sun,316,True,P301 - P+R Slinge bovendek,316
2020-05-17,03:50,Sun,316,True,P301 - P+R Slinge bovendek,316
2020-05-17,03:51,Sun,316,True,P301 - P+R Slinge bovendek,316
2020-05-17,03:52,Sun,316,True,P301 - P+R Slinge bovendek,316
2020-05-17,03:53,Sun,316,True,P301 - P+R Slinge bovendek,316
2020-05-17,03:54,Sun,316,True,P301 - P+R Slinge bovendek,316
2020-05-17,03:55,Sun,316,True,P301 - P+R Slinge bovendek,316
2020-05-17,03:56,Sun,316,True,P301 - P+R Slinge bovendek,316
2020-05-17,03:57,Sun,316,True,P301 - P+R Slinge bovendek,316
2020-05-17,03:58,Sun,316,True,P301 - P+R Slinge bovendek,316
2020-05-17,03:59,Sun,316,True,P301 - P+R Slinge bovendek,316
2020-05-17,04:00,Sun,316,True,P301 - P+R Slinge bovendek,316
2020-05-17,04:01,Sun,316,True,P301 - P+R Slinge bovendek,316
2020-05-17,04:02,Sun,316,True,P301 - P+R Slinge bovendek,316
2020-05-17,04:03,Sun,316,True,P301 - P+R Slinge bovendek,316
2020-05-17,04:04,Sun,316,True,P301 - P+R Slinge bovendek,316
2020-05-17,04:05,Sun,316,True,P301 - P+R Slinge bovendek,316
2020-05-17,04:06,Sun,316,True,P301 - P+R Slinge bovendek,316
2020-05-17,04:07,Sun,316,True,P301 - P+R Slinge bovendek,316
2020-05-17,04:08,Sun,316,True,P301 - P+R Slinge bovendek,316
2020-05-17,04:09,Sun,316,True,P301 - P+R Slinge bovendek,316
2020-05-17,04:10,Sun,316,True,P301 - P+R Slinge bovendek,316
2020-05-17,04:11,Sun,316,True,P301 - P+R Slinge bovendek,316
2020-05-17,04:12,Sun,316,True,P301 - P+R Slinge bovendek,316
2020-05-17,04:13,Sun,316,True,P301 - P+R Slinge bovendek,316
2020-05-17,04:14,Sun,316,True,P301 - P+R Slinge bovendek,316
2020-05-17,04:15,Sun,316,True,P301 - P+R Slinge bovendek,316
2020-05-17,04:16,Sun,316,True,P301 - P+R Slinge bovendek,316
2020-05-17,04:17,Sun,316,True,P301 - P+R Slinge bovendek,316
2020-05-17,04:18,Sun,316,True,P301 - P+R Slinge bovendek,316
2020-05-17,04:19,Sun,316,True,P301 - P+R Slinge bovendek,316
2020-05-17,04:20,Sun,316,True,P301 - P+R Slinge bovendek,316
2020-05-17,04:21,Sun,316,True,P301 - P+R Slinge bovendek,316
2020-05-17,04:22,Sun,316,True,P301 - P+R Slinge bovendek,316
2020-05-17,04:23,Sun,316,True,P301 - P+R Slinge bovendek,316
2020-05-17,04:24,Sun,316,True,P301 - P+R Slinge bovendek,316
2020-05-17,04:25,Sun,316,True,P301 - P+R Slinge bovendek,316
2020-05-17,04:26,Sun,316,True,P301 - P+R Slinge bovendek,316
2020-05-17,04:27,Sun,316,True,P301 - P+R Slinge bovendek,316
2020-05-17,04:28,Sun,316,True,P301 - P+R Slinge bovendek,316
2020-05-17,04:29,Sun,316,True,P301 - P+R Slinge bovendek,316
2020-05-17,04:30,Sun,316,True,P301 - P+R Slinge bovendek,316
2020-05-17,04:31,Sun,316,True,P301 - P+R Slinge bovendek,316
2020-05-17,04:32,Sun,316,True,P301 - P+R Slinge bovendek,316
2020-05-17,04:33,Sun,316,True,P301 - P+R Slinge bovendek,316
2020-05-17,04:34,Sun,316,True,P301 - P+R Slinge bovendek,316
2020-05-17,04:35,Sun,316,True,P301 - P+R Slinge bovendek,316
2020-05-17,04:36,Sun,316,True,P301 - P+R Slinge bovendek,316
2020-05-17,04:37,Sun,316,True,P301 - P+R Slinge bovendek,316
2020-05-17,04:38,Sun,316,True,P301 - P+R Slinge bovendek,316
2020-05-17,04:39,Sun,316,True,P301 - P+R Slinge bovendek,316
2020-05-17,04:40,Sun,316,True,P301 - P+R Slinge bovendek,316
2020-05-17,04:41,Sun,316,True,P301 - P+R Slinge bovendek,316
2020-05-17,04:42,Sun,316,True,P301 - P+R Slinge bovendek,316
2020-05-17,04:43,Sun,316,True,P301 - P+R Slinge bovendek,316
2020-05-17,04:44,Sun,316,True,P301 - P+R Slinge bovendek,316
2020-05-17,04:45,Sun,316,True,P301 - P+R Slinge bovendek,316
2020-05-17,04:46,Sun,316,True,P301 - P+R Slinge bovendek,316
2020-05-17,04:47,Sun,316,True,P301 - P+R Slinge bovendek,316
2020-05-17,04:48,Sun,316,True,P301 - P+R Slinge bovendek,316
2020-05-17,04:49,Sun,316,True,P301 - P+R Slinge bovendek,316
2020-05-17,04:50,Sun,316,True,P301 - P+R Slinge bovendek,316
2020-05-17,04:51,Sun,316,True,P301 - P+R Slinge bovendek,316
2020-05-17,04:52,Sun,316,True,P301 - P+R Slinge bovendek,316
2020-05-17,04:53,Sun,316,True,P301 - P+R Slinge bovendek,316
2020-05-17,04:54,Sun,316,True,P301 - P+R Slinge bovendek,316
2020-05-17,04:55,Sun,316,True,P301 - P+R Slinge bovendek,316
2020-05-17,04:56,Sun,316,True,P301 - P+R Slinge bovendek,316
2020-05-17,04:57,Sun,316,True,P301 - P+R Slinge bovendek,316
2020-05-17,04:58,Sun,316,True,P301 - P+R Slinge bovendek,316
2020-05-17,04:59,Sun,316,True,P301 - P+R Slinge bovendek,316
2020-05-17,05:00,Sun,316,True,P301 - P+R Slinge bovendek,316
2020-05-17,05:01,Sun,316,True,P301 - P+R Slinge bovendek,316
2020-05-17,05:02,Sun,316,True,P301 - P+R Slinge bovendek,316
2020-05-17,05:03,Sun,316,True,P301 - P+R Slinge bovendek,316
2020-05-17,05:04,Sun,316,True,P301 - P+R Slinge bovendek,316
2020-05-17,05:05,Sun,316,True,P301 - P+R Slinge bovendek,316
2020-05-17,05:06,Sun,316,True,P301 - P+R Slinge bovendek,316
2020-05-17,05:07,Sun,316,True,P301 - P+R Slinge bovendek,316
2020-05-17,05:08,Sun,316,True,P301 - P+R Slinge bovendek,316
2020-05-17,05:09,Sun,316,True,P301 - P+R Slinge bovendek,316
2020-05-17,05:10,Sun,316,True,P301 - P+R Slinge bovendek,316
2020-05-17,05:11,Sun,316,True,P301 - P+R Slinge bovendek,316
2020-05-17,05:12,Sun,316,True,P301 - P+R Slinge bovendek,316
2020-05-17,05:13,Sun,316,True,P301 - P+R Slinge bovendek,316
2020-05-17,05:14,Sun,316,True,P301 - P+R Slinge bovendek,316
2020-05-17,05:15,Sun,316,True,P301 - P+R Slinge bovendek,316
2020-05-17,05:16,Sun,316,True,P301 - P+R Slinge bovendek,316
2020-05-17,05:17,Sun,316,True,P301 - P+R Slinge bovendek,316
2020-05-17,05:18,Sun,316,True,P301 - P+R Slinge bovendek,316
2020-05-17,05:19,Sun,316,True,P301 - P+R Slinge bovendek,316
2020-05-17,05:20,Sun,316,True,P301 - P+R Slinge bovendek,316
2020-05-17,05:21,Sun,316,True,P301 - P+R Slinge bovendek,316
2020-05-17,05:22,Sun,316,True,P301 - P+R Slinge bovendek,316
2020-05-17,05:23,Sun,316,True,P301 - P+R Slinge bovendek,316
2020-05-17,05:24,Sun,316,True,P301 - P+R Slinge bovendek,316
2020-05-17,05:25,Sun,316,True,P301 - P+R Slinge bovendek,316
2020-05-17,05:26,Sun,316,True,P301 - P+R Slinge bovendek,316
2020-05-17,05:27,Sun,316,True,P301 - P+R Slinge bovendek,316
2020-05-17,05:28,Sun,316,True,P301 - P+R Slinge bovendek,316
2020-05-17,05:29,Sun,316,True,P301 - P+R Slinge bovendek,316
2020-05-17,05:30,Sun,316,True,P301 - P+R Slinge bovendek,316
2020-05-17,05:31,Sun,316,True,P301 - P+R Slinge bovendek,316
2020-05-17,05:32,Sun,316,True,P301 - P+R Slinge bovendek,316
2020-05-17,05:33,Sun,316,True,P301 - P+R Slinge bovendek,316
2020-05-17,05:34,Sun,316,True,P301 - P+R Slinge bovendek,316
2020-05-17,05:35,Sun,316,True,P301 - P+R Slinge bovendek,316
2020-05-17,05:36,Sun,316,True,P301 - P+R Slinge bovendek,316
2020-05-17,05:37,Sun,316,True,P301 - P+R Slinge bovendek,316
2020-05-17,05:38,Sun,316,True,P301 - P+R Slinge bovendek,316
2020-05-17,05:39,Sun,316,True,P301 - P+R Slinge bovendek,316
2020-05-17,05:40,Sun,316,True,P301 - P+R Slinge bovendek,316
2020-05-17,05:41,Sun,316,True,P301 - P+R Slinge bovendek,316
2020-05-17,05:42,Sun,316,True,P301 - P+R Slinge bovendek,316
2020-05-17,05:43,Sun,316,True,P301 - P+R Slinge bovendek,316
2020-05-17,05:44,Sun,316,True,P301 - P+R Slinge bovendek,316
2020-05-17,05:45,Sun,316,True,P301 - P+R Slinge bovendek,316
2020-05-17,05:46,Sun,316,True,P301 - P+R Slinge bovendek,316
2020-05-17,05:47,Sun,316,True,P301 - P+R Slinge bovendek,316
2020-05-17,05:48,Sun,316,True,P301 - P+R Slinge bovendek,316
2020-05-17,05:49,Sun,316,True,P301 - P+R Slinge bovendek,316
2020-05-17,05:50,Sun,316,True,P301 - P+R Slinge bovendek,316
2020-05-17,05:51,Sun,316,True,P301 - P+R Slinge bovendek,316
2020-05-17,05:52,Sun,316,True,P301 - P+R Slinge bovendek,316
2020-05-17,05:53,Sun,316,True,P301 - P+R Slinge bovendek,316
2020-05-17,05:54,Sun,316,True,P301 - P+R Slinge bovendek,316
2020-05-17,05:55,Sun,316,True,P301 - P+R Slinge bovendek,316
2020-05-17,05:56,Sun,316,True,P301 - P+R Slinge bovendek,316
2020-05-17,05:57,Sun,316,True,P301 - P+R Slinge bovendek,316
2020-05-17,05:58,Sun,316,True,P301 - P+R Slinge bovendek,316
2020-05-17,05:59,Sun,316,True,P301 - P+R Slinge bovendek,316
2020-05-17,06:00,Sun,316,True,P301 - P+R Slinge bovendek,316
2020-05-17,06:01,Sun,316,True,P301 - P+R Slinge bovendek,316
2020-05-17,06:02,Sun,316,True,P301 - P+R Slinge bovendek,316
2020-05-17,06:03,Sun,316,True,P301 - P+R Slinge bovendek,316
2020-05-17,06:04,Sun,316,True,P301 - P+R Slinge bovendek,316
2020-05-17,06:05,Sun,316,True,P301 - P+R Slinge bovendek,316
2020-05-17,06:06,Sun,316,True,P301 - P+R Slinge bovendek,316
2020-05-17,06:07,Sun,316,True,P301 - P+R Slinge bovendek,316
2020-05-17,06:08,Sun,316,True,P301 - P+R Slinge bovendek,316
2020-05-17,06:09,Sun,316,True,P301 - P+R Slinge bovendek,316
2020-05-17,06:10,Sun,316,True,P301 - P+R Slinge bovendek,316
2020-05-17,06:11,Sun,316,True,P301 - P+R Slinge bovendek,316
2020-05-17,06:12,Sun,316,True,P301 - P+R Slinge bovendek,316
2020-05-17,06:13,Sun,316,True,P301 - P+R Slinge bovendek,316
2020-05-17,06:14,Sun,316,True,P301 - P+R Slinge bovendek,316
2020-05-17,06:15,Sun,316,True,P301 - P+R Slinge bovendek,316
2020-05-17,06:16,Sun,316,True,P301 - P+R Slinge bovendek,316
2020-05-17,06:17,Sun,316,True,P301 - P+R Slinge bovendek,316
2020-05-17,06:18,Sun,316,True,P301 - P+R Slinge bovendek,316
2020-05-17,06:19,Sun,316,True,P301 - P+R Slinge bovendek,316
2020-05-17,06:20,Sun,316,True,P301 - P+R Slinge bovendek,316
2020-05-17,06:21,Sun,316,True,P301 - P+R Slinge bovendek,316
2020-05-17,06:22,Sun,316,True,P301 - P+R Slinge bovendek,316
2020-05-17,06:23,Sun,316,True,P301 - P+R Slinge bovendek,316
2020-05-17,06:24,Sun,316,True,P301 - P+R Slinge bovendek,316
2020-05-17,06:25,Sun,316,True,P301 - P+R Slinge bovendek,316
2020-05-17,06:26,Sun,316,True,P301 - P+R Slinge bovendek,316
2020-05-17,06:27,Sun,316,True,P301 - P+R Slinge bovendek,316
2020-05-17,06:28,Sun,316,True,P301 - P+R Slinge bovendek,316
2020-05-17,06:29,Sun,316,True,P301 - P+R Slinge bovendek,316
2020-05-17,06:30,Sun,316,True,P301 - P+R Slinge bovendek,316
2020-05-17,06:31,Sun,316,True,P301 - P+R Slinge bovendek,316
2020-05-17,06:32,Sun,316,True,P301 - P+R Slinge bovendek,316
2020-05-17,06:33,Sun,316,True,P301 - P+R Slinge bovendek,316
2020-05-17,06:34,Sun,316,True,P301 - P+R Slinge bovendek,316
2020-05-17,06:35,Sun,316,True,P301 - P+R Slinge bovendek,316
2020-05-17,06:36,Sun,316,True,P301 - P+R Slinge bovendek,316
2020-05-17,06:37,Sun,316,True,P301 - P+R Slinge bovendek,316
2020-05-17,06:38,Sun,316,True,P301 - P+R Slinge bovendek,316
2020-05-17,06:39,Sun,316,True,P301 - P+R Slinge bovendek,316
2020-05-17,06:40,Sun,316,True,P301 - P+R Slinge bovendek,316
2020-05-17,06:41,Sun,316,True,P301 - P+R Slinge bovendek,316
2020-05-17,06:42,Sun,316,True,P301 - P+R Slinge bovendek,316
2020-05-17,06:43,Sun,316,True,P301 - P+R Slinge bovendek,316
2020-05-17,06:44,Sun,316,True,P301 - P+R Slinge bovendek,316
2020-05-17,06:45,Sun,316,True,P301 - P+R Slinge bovendek,316
2020-05-17,06:46,Sun,316,True,P301 - P+R Slinge bovendek,316
2020-05-17,06:47,Sun,316,True,P301 - P+R Slinge bovendek,316
2020-05-17,06:48,Sun,316,True,P301 - P+R Slinge bovendek,316
2020-05-17,06:49,Sun,316,True,P301 - P+R Slinge bovendek,316
2020-05-17,06:50,Sun,316,True,P301 - P+R Slinge bovendek,316
2020-05-17,06:51,Sun,316,True,P301 - P+R Slinge bovendek,316
2020-05-17,06:52,Sun,316,True,P301 - P+R Slinge bovendek,316
2020-05-17,06:53,Sun,316,True,P301 - P+R Slinge bovendek,316
2020-05-17,06:54,Sun,316,True,P301 - P+R Slinge bovendek,316
2020-05-17,06:55,Sun,316,True,P301 - P+R Slinge bovendek,316
2020-05-17,06:56,Sun,316,True,P301 - P+R Slinge bovendek,316
2020-05-17,06:57,Sun,316,True,P301 - P+R Slinge bovendek,316
2020-05-17,06:58,Sun,316,True,P301 - P+R Slinge bovendek,316
2020-05-17,06:59,Sun,316,True,P301 - P+R Slinge bovendek,316
2020-05-17,07:00,Sun,316,True,P301 - P+R Slinge bovendek,316
2020-05-17,07:01,Sun,316,True,P301 - P+R Slinge bovendek,316
2020-05-17,07:02,Sun,316,True,P301 - P+R Slinge bovendek,316
2020-05-17,07:03,Sun,316,True,P301 - P+R Slinge bovendek,316
2020-05-17,07:04,Sun,316,True,P301 - P+R Slinge bovendek,316
2020-05-17,07:05,Sun,316,True,P301 - P+R Slinge bovendek,316
2020-05-17,07:06,Sun,316,True,P301 - P+R Slinge bovendek,316
2020-05-17,07:07,Sun,316,True,P301 - P+R Slinge bovendek,316
2020-05-17,07:08,Sun,316,True,P301 - P+R Slinge bovendek,316
2020-05-17,07:09,Sun,316,True,P301 - P+R Slinge bovendek,316
2020-05-17,07:10,Sun,316,True,P301 - P+R Slinge bovendek,316
2020-05-17,07:11,Sun,316,True,P301 - P+R Slinge bovendek,316
2020-05-17,07:12,Sun,316,True,P301 - P+R Slinge bovendek,316
2020-05-17,07:13,Sun,316,True,P301 - P+R Slinge bovendek,316
2020-05-17,07:14,Sun,316,True,P301 - P+R Slinge bovendek,316
2020-05-17,07:15,Sun,316,True,P301 - P+R Slinge bovendek,316
2020-05-17,07:16,Sun,316,True,P301 - P+R Slinge bovendek,316
2020-05-17,07:17,Sun,316,True,P301 - P+R Slinge bovendek,316
2020-05-17,07:18,Sun,316,True,P301 - P+R Slinge bovendek,316
2020-05-17,07:19,Sun,316,True,P301 - P+R Slinge bovendek,316
2020-05-17,07:20,Sun,316,True,P301 - P+R Slinge bovendek,316
2020-05-17,07:21,Sun,316,True,P301 - P+R Slinge bovendek,316
2020-05-17,07:22,Sun,316,True,P301 - P+R Slinge bovendek,316
2020-05-17,07:23,Sun,316,True,P301 - P+R Slinge bovendek,316
2020-05-17,07:24,Sun,316,True,P301 - P+R Slinge bovendek,316
2020-05-17,07:25,Sun,316,True,P301 - P+R Slinge bovendek,316
2020-05-17,07:26,Sun,316,True,P301 - P+R Slinge bovendek,316
2020-05-17,07:27,Sun,316,True,P301 - P+R Slinge bovendek,316
2020-05-17,07:28,Sun,316,True,P301 - P+R Slinge bovendek,316
2020-05-17,07:29,Sun,316,True,P301 - P+R Slinge bovendek,316
2020-05-17,07:30,Sun,316,True,P301 - P+R Slinge bovendek,316
2020-05-17,07:31,Sun,316,True,P301 - P+R Slinge bovendek,316
2020-05-17,07:32,Sun,316,True,P301 - P+R Slinge bovendek,316
2020-05-17,07:33,Sun,316,True,P301 - P+R Slinge bovendek,316
2020-05-17,07:34,Sun,316,True,P301 - P+R Slinge bovendek,316
2020-05-17,07:35,Sun,316,True,P301 - P+R Slinge bovendek,316
2020-05-17,07:36,Sun,316,True,P301 - P+R Slinge bovendek,316
2020-05-17,07:37,Sun,316,True,P301 - P+R Slinge bovendek,316
2020-05-17,07:38,Sun,316,True,P301 - P+R Slinge bovendek,316
2020-05-17,07:39,Sun,316,True,P301 - P+R Slinge bovendek,316
2020-05-17,07:40,Sun,316,True,P301 - P+R Slinge bovendek,316
2020-05-17,07:41,Sun,316,True,P301 - P+R Slinge bovendek,316
2020-05-17,07:42,Sun,316,True,P301 - P+R Slinge bovendek,316
2020-05-17,07:43,Sun,316,True,P301 - P+R Slinge bovendek,316
2020-05-17,07:44,Sun,316,True,P301 - P+R Slinge bovendek,316
2020-05-17,07:45,Sun,316,True,P301 - P+R Slinge bovendek,316
2020-05-17,07:46,Sun,316,True,P301 - P+R Slinge bovendek,316
2020-05-17,07:47,Sun,316,True,P301 - P+R Slinge bovendek,316
2020-05-17,07:48,Sun,316,True,P301 - P+R Slinge bovendek,316
2020-05-17,07:49,Sun,316,True,P301 - P+R Slinge bovendek,316
2020-05-17,07:50,Sun,316,True,P301 - P+R Slinge bovendek,316
2020-05-17,07:51,Sun,316,True,P301 - P+R Slinge bovendek,316
2020-05-17,07:52,Sun,316,True,P301 - P+R Slinge bovendek,316
2020-05-17,07:53,Sun,316,True,P301 - P+R Slinge bovendek,316
2020-05-17,07:54,Sun,316,True,P301 - P+R Slinge bovendek,316
2020-05-17,07:55,Sun,316,True,P301 - P+R Slinge bovendek,316
2020-05-17,07:56,Sun,316,True,P301 - P+R Slinge bovendek,316
2020-05-17,07:57,Sun,316,True,P301 - P+R Slinge bovendek,316
2020-05-17,07:58,Sun,316,True,P301 - P+R Slinge bovendek,316
2020-05-17,07:59,Sun,316,True,P301 - P+R Slinge bovendek,316
2020-05-17,08:00,Sun,316,True,P301 - P+R Slinge bovendek,316
2020-05-17,08:01,Sun,316,True,P301 - P+R Slinge bovendek,316
2020-05-17,08:02,Sun,316,True,P301 - P+R Slinge bovendek,316
2020-05-17,08:03,Sun,316,True,P301 - P+R Slinge bovendek,316
2020-05-17,08:04,Sun,316,True,P301 - P+R Slinge bovendek,316
2020-05-17,08:05,Sun,316,True,P301 - P+R Slinge bovendek,316
2020-05-17,08:06,Sun,316,True,P301 - P+R Slinge bovendek,316
2020-05-17,08:07,Sun,316,True,P301 - P+R Slinge bovendek,316
2020-05-17,08:08,Sun,316,True,P301 - P+R Slinge bovendek,316
2020-05-17,08:09,Sun,316,True,P301 - P+R Slinge bovendek,316
2020-05-17,08:10,Sun,316,True,P301 - P+R Slinge bovendek,316
2020-05-17,08:11,Sun,316,True,P301 - P+R Slinge bovendek,316
2020-05-17,08:12,Sun,316,True,P301 - P+R Slinge bovendek,316
2020-05-17,08:13,Sun,316,True,P301 - P+R Slinge bovendek,316
2020-05-17,08:14,Sun,316,True,P301 - P+R Slinge bovendek,316
2020-05-17,08:15,Sun,316,True,P301 - P+R Slinge bovendek,316
2020-05-17,08:16,Sun,316,True,P301 - P+R Slinge bovendek,316
2020-05-17,08:17,Sun,316,True,P301 - P+R Slinge bovendek,316
2020-05-17,08:18,Sun,316,True,P301 - P+R Slinge bovendek,316
2020-05-17,08:19,Sun,316,True,P301 - P+R Slinge bovendek,316
2020-05-17,08:20,Sun,316,True,P301 - P+R Slinge bovendek,316
2020-05-17,08:21,Sun,316,True,P301 - P+R Slinge bovendek,316
2020-05-17,08:22,Sun,316,True,P301 - P+R Slinge bovendek,316
2020-05-17,08:23,Sun,316,True,P301 - P+R Slinge bovendek,316
2020-05-17,08:24,Sun,316,True,P301 - P+R Slinge bovendek,316
2020-05-17,08:25,Sun,316,True,P301 - P+R Slinge bovendek,316
2020-05-17,08:26,Sun,316,True,P301 - P+R Slinge bovendek,316
2020-05-17,08:27,Sun,316,True,P301 - P+R Slinge bovendek,316
2020-05-17,08:28,Sun,316,True,P301 - P+R Slinge bovendek,316
2020-05-17,08:29,Sun,316,True,P301 - P+R Slinge bovendek,316
2020-05-17,08:30,Sun,316,True,P301 - P+R Slinge bovendek,316
2020-05-17,08:31,Sun,316,True,P301 - P+R Slinge bovendek,316
2020-05-17,08:32,Sun,316,True,P301 - P+R Slinge bovendek,316
2020-05-17,08:33,Sun,316,True,P301 - P+R Slinge bovendek,316
2020-05-17,08:34,Sun,316,True,P301 - P+R Slinge bovendek,316
2020-05-17,08:35,Sun,316,True,P301 - P+R Slinge bovendek,316
2020-05-17,08:36,Sun,316,True,P301 - P+R Slinge bovendek,316
2020-05-17,08:37,Sun,316,True,P301 - P+R Slinge bovendek,316
2020-05-17,08:38,Sun,316,True,P301 - P+R Slinge bovendek,316
2020-05-17,08:39,Sun,316,True,P301 - P+R Slinge bovendek,316
2020-05-17,08:40,Sun,316,True,P301 - P+R Slinge bovendek,316
2020-05-17,08:41,Sun,316,True,P301 - P+R Slinge bovendek,316
2020-05-17,08:42,Sun,316,True,P301 - P+R Slinge bovendek,316
2020-05-17,08:43,Sun,316,True,P301 - P+R Slinge bovendek,316
2020-05-17,08:44,Sun,316,True,P301 - P+R Slinge bovendek,316
2020-05-17,08:45,Sun,316,True,P301 - P+R Slinge bovendek,316
2020-05-17,08:46,Sun,316,True,P301 - P+R Slinge bovendek,316
2020-05-17,08:47,Sun,316,True,P301 - P+R Slinge bovendek,316
2020-05-17,08:48,Sun,316,True,P301 - P+R Slinge bovendek,316
2020-05-17,08:49,Sun,316,True,P301 - P+R Slinge bovendek,316
2020-05-17,08:50,Sun,316,True,P301 - P+R Slinge bovendek,316
2020-05-17,08:51,Sun,316,True,P301 - P+R Slinge bovendek,316
2020-05-17,08:52,Sun,316,True,P301 - P+R Slinge bovendek,316
2020-05-17,08:53,Sun,316,True,P301 - P+R Slinge bovendek,316
2020-05-17,08:54,Sun,316,True,P301 - P+R Slinge bovendek,316
2020-05-17,08:55,Sun,316,True,P301 - P+R Slinge bovendek,316
2020-05-17,08:56,Sun,316,True,P301 - P+R Slinge bovendek,316
2020-05-17,08:57,Sun,316,True,P301 - P+R Slinge bovendek,316
2020-05-17,08:58,Sun,316,True,P301 - P+R Slinge bovendek,316
2020-05-17,08:59,Sun,316,True,P301 - P+R Slinge bovendek,316
2020-05-17,09:00,Sun,316,True,P301 - P+R Slinge bovendek,316
2020-05-17,09:01,Sun,316,True,P301 - P+R Slinge bovendek,316
2020-05-17,09:02,Sun,316,True,P301 - P+R Slinge bovendek,316
2020-05-17,09:03,Sun,316,True,P301 - P+R Slinge bovendek,316
2020-05-17,09:04,Sun,316,True,P301 - P+R Slinge bovendek,316
2020-05-17,09:05,Sun,316,True,P301 - P+R Slinge bovendek,316
2020-05-17,09:06,Sun,316,True,P301 - P+R Slinge bovendek,316
2020-05-17,09:07,Sun,316,True,P301 - P+R Slinge bovendek,316
2020-05-17,09:08,Sun,316,True,P301 - P+R Slinge bovendek,316
2020-05-17,09:09,Sun,316,True,P301 - P+R Slinge bovendek,316
2020-05-17,09:10,Sun,316,True,P301 - P+R Slinge bovendek,316
2020-05-17,09:11,Sun,316,True,P301 - P+R Slinge bovendek,316
2020-05-17,09:12,Sun,316,True,P301 - P+R Slinge bovendek,316
2020-05-17,09:13,Sun,316,True,P301 - P+R Slinge bovendek,316
2020-05-17,09:14,Sun,316,True,P301 - P+R Slinge bovendek,316
2020-05-17,09:15,Sun,316,True,P301 - P+R Slinge bovendek,316
2020-05-17,09:16,Sun,316,True,P301 - P+R Slinge bovendek,316
2020-05-17,09:17,Sun,316,True,P301 - P+R Slinge bovendek,316
2020-05-17,09:18,Sun,316,True,P301 - P+R Slinge bovendek,316
2020-05-17,09:19,Sun,316,True,P301 - P+R Slinge bovendek,316
2020-05-17,09:20,Sun,316,True,P301 - P+R Slinge bovendek,316
2020-05-17,09:21,Sun,316,True,P301 - P+R Slinge bovendek,316
2020-05-17,09:22,Sun,316,True,P301 - P+R Slinge bovendek,316
2020-05-17,09:23,Sun,316,True,P301 - P+R Slinge bovendek,316
2020-05-17,09:24,Sun,316,True,P301 - P+R Slinge bovendek,316
2020-05-17,09:25,Sun,316,True,P301 - P+R Slinge bovendek,316
2020-05-17,09:26,Sun,316,True,P301 - P+R Slinge bovendek,316
2020-05-17,09:27,Sun,316,True,P301 - P+R Slinge bovendek,316
2020-05-17,09:28,Sun,316,True,P301 - P+R Slinge bovendek,316
2020-05-17,09:29,Sun,316,True,P301 - P+R Slinge bovendek,316
2020-05-17,09:30,Sun,316,True,P301 - P+R Slinge bovendek,316
2020-05-17,09:31,Sun,316,True,P301 - P+R Slinge bovendek,316
2020-05-17,09:32,Sun,316,True,P301 - P+R Slinge bovendek,316
2020-05-17,09:33,Sun,316,True,P301 - P+R Slinge bovendek,316
2020-05-17,09:34,Sun,316,True,P301 - P+R Slinge bovendek,316
2020-05-17,09:35,Sun,316,True,P301 - P+R Slinge bovendek,316
2020-05-17,09:36,Sun,316,True,P301 - P+R Slinge bovendek,316
2020-05-17,09:37,Sun,316,True,P301 - P+R Slinge bovendek,316
2020-05-17,09:38,Sun,316,True,P301 - P+R Slinge bovendek,316
2020-05-17,09:39,Sun,316,True,P301 - P+R Slinge bovendek,316
2020-05-17,09:40,Sun,316,True,P301 - P+R Slinge bovendek,316
2020-05-17,09:41,Sun,316,True,P301 - P+R Slinge bovendek,316
2020-05-17,09:42,Sun,316,True,P301 - P+R Slinge bovendek,316
2020-05-17,09:43,Sun,316,True,P301 - P+R Slinge bovendek,316
2020-05-17,09:44,Sun,316,True,P301 - P+R Slinge bovendek,316
2020-05-17,09:45,Sun,316,True,P301 - P+R Slinge bovendek,316
2020-05-17,09:46,Sun,316,True,P301 - P+R Slinge bovendek,316
2020-05-17,09:47,Sun,316,True,P301 - P+R Slinge bovendek,316
2020-05-17,09:48,Sun,316,True,P301 - P+R Slinge bovendek,316
2020-05-17,09:49,Sun,316,True,P301 - P+R Slinge bovendek,316
2020-05-17,09:50,Sun,316,True,P301 - P+R Slinge bovendek,316
2020-05-17,09:51,Sun,316,True,P301 - P+R Slinge bovendek,316
2020-05-17,09:52,Sun,316,True,P301 - P+R Slinge bovendek,316
2020-05-17,09:53,Sun,316,True,P301 - P+R Slinge bovendek,316
2020-05-17,09:54,Sun,316,True,P301 - P+R Slinge bovendek,316
2020-05-17,09:55,Sun,316,True,P301 - P+R Slinge bovendek,316
2020-05-17,09:56,Sun,316,True,P301 - P+R Slinge bovendek,316
2020-05-17,09:57,Sun,316,True,P301 - P+R Slinge bovendek,316
2020-05-17,09:58,Sun,316,True,P301 - P+R Slinge bovendek,316
2020-05-17,09:59,Sun,316,True,P301 - P+R Slinge bovendek,316
2020-05-17,10:00,Sun,316,True,P301 - P+R Slinge bovendek,316
2020-05-17,10:01,Sun,316,True,P301 - P+R Slinge bovendek,316
2020-05-17,10:02,Sun,316,True,P301 - P+R Slinge bovendek,316
2020-05-17,10:03,Sun,316,True,P301 - P+R Slinge bovendek,316
2020-05-17,10:04,Sun,316,True,P301 - P+R Slinge bovendek,316
2020-05-17,10:05,Sun,316,True,P301 - P+R Slinge bovendek,316
2020-05-17,10:06,Sun,316,True,P301 - P+R Slinge bovendek,316
2020-05-17,10:07,Sun,316,True,P301 - P+R Slinge bovendek,316
2020-05-17,10:08,Sun,316,True,P301 - P+R Slinge bovendek,316
2020-05-17,10:09,Sun,316,True,P301 - P+R Slinge bovendek,316
2020-05-17,10:10,Sun,316,True,P301 - P+R Slinge bovendek,316
2020-05-17,10:11,Sun,316,True,P301 - P+R Slinge bovendek,316
2020-05-17,10:12,Sun,316,True,P301 - P+R Slinge bovendek,316
2020-05-17,10:13,Sun,316,True,P301 - P+R Slinge bovendek,316
2020-05-17,10:14,Sun,316,True,P301 - P+R Slinge bovendek,316
2020-05-17,10:15,Sun,316,True,P301 - P+R Slinge bovendek,316
2020-05-17,10:16,Sun,316,True,P301 - P+R Slinge bovendek,316
2020-05-17,10:17,Sun,316,True,P301 - P+R Slinge bovendek,316
2020-05-17,10:18,Sun,316,True,P301 - P+R Slinge bovendek,316
2020-05-17,10:19,Sun,316,True,P301 - P+R Slinge bovendek,316
2020-05-17,10:20,Sun,316,True,P301 - P+R Slinge bovendek,316
2020-05-17,10:21,Sun,316,True,P301 - P+R Slinge bovendek,316
2020-05-17,10:22,Sun,316,True,P301 - P+R Slinge bovendek,316
2020-05-17,10:23,Sun,316,True,P301 - P+R Slinge bovendek,316
2020-05-17,10:24,Sun,316,True,P301 - P+R Slinge bovendek,316
2020-05-17,10:25,Sun,316,True,P301 - P+R Slinge bovendek,316
2020-05-17,10:26,Sun,316,True,P301 - P+R Slinge bovendek,316
2020-05-17,10:27,Sun,316,True,P301 - P+R Slinge bovendek,316
2020-05-17,10:28,Sun,316,True,P301 - P+R Slinge bovendek,316
2020-05-17,10:29,Sun,316,True,P301 - P+R Slinge bovendek,316
2020-05-17,10:30,Sun,316,True,P301 - P+R Slinge bovendek,316
2020-05-17,10:31,Sun,316,True,P301 - P+R Slinge bovendek,316
2020-05-17,10:32,Sun,316,True,P301 - P+R Slinge bovendek,316
2020-05-17,10:33,Sun,316,True,P301 - P+R Slinge bovendek,316
2020-05-17,10:34,Sun,316,True,P301 - P+R Slinge bovendek,316
2020-05-17,10:35,Sun,316,True,P301 - P+R Slinge bovendek,316
2020-05-17,10:36,Sun,316,True,P301 - P+R Slinge bovendek,316
2020-05-17,10:37,Sun,316,True,P301 - P+R Slinge bovendek,316
2020-05-17,10:38,Sun,316,True,P301 - P+R Slinge bovendek,316
2020-05-17,10:39,Sun,316,True,P301 - P+R Slinge bovendek,316
2020-05-17,10:40,Sun,316,True,P301 - P+R Slinge bovendek,316
2020-05-17,10:41,Sun,316,True,P301 - P+R Slinge bovendek,316
2020-05-17,10:42,Sun,316,True,P301 - P+R Slinge bovendek,316
2020-05-17,10:43,Sun,316,True,P301 - P+R Slinge bovendek,316
2020-05-17,10:44,Sun,316,True,P301 - P+R Slinge bovendek,316
2020-05-17,10:45,Sun,316,True,P301 - P+R Slinge bovendek,316
2020-05-17,10:46,Sun,316,True,P301 - P+R Slinge bovendek,316
2020-05-17,10:47,Sun,316,True,P301 - P+R Slinge bovendek,316
2020-05-17,10:48,Sun,316,True,P301 - P+R Slinge bovendek,316
2020-05-17,10:49,Sun,316,True,P301 - P+R Slinge bovendek,316
2020-05-17,10:50,Sun,316,True,P301 - P+R Slinge bovendek,316
2020-05-17,10:51,Sun,316,True,P301 - P+R Slinge bovendek,316
2020-05-17,10:52,Sun,316,True,P301 - P+R Slinge bovendek,316
2020-05-17,10:53,Sun,316,True,P301 - P+R Slinge bovendek,316
2020-05-17,10:54,Sun,316,True,P301 - P+R Slinge bovendek,316
2020-05-17,10:55,Sun,316,True,P301 - P+R Slinge bovendek,316
2020-05-17,10:56,Sun,316,True,P301 - P+R Slinge bovendek,316
2020-05-17,10:57,Sun,316,True,P301 - P+R Slinge bovendek,316
2020-05-17,10:58,Sun,316,True,P301 - P+R Slinge bovendek,316
2020-05-17,10:59,Sun,316,True,P301 - P+R Slinge bovendek,316
2020-05-17,11:00,Sun,316,True,P301 - P+R Slinge bovendek,316
2020-05-17,11:01,Sun,316,True,P301 - P+R Slinge bovendek,316
2020-05-17,11:02,Sun,316,True,P301 - P+R Slinge bovendek,316
2020-05-17,11:03,Sun,316,True,P301 - P+R Slinge bovendek,316
2020-05-17,11:04,Sun,316,True,P301 - P+R Slinge bovendek,316
2020-05-17,11:05,Sun,316,True,P301 - P+R Slinge bovendek,316
2020-05-17,11:06,Sun,316,True,P301 - P+R Slinge bovendek,316
2020-05-17,11:07,Sun,316,True,P301 - P+R Slinge bovendek,316
2020-05-17,11:08,Sun,316,True,P301 - P+R Slinge bovendek,316
2020-05-17,11:09,Sun,316,True,P301 - P+R Slinge bovendek,316
2020-05-17,11:10,Sun,316,True,P301 - P+R Slinge bovendek,316
2020-05-17,11:11,Sun,316,True,P301 - P+R Slinge bovendek,316
2020-05-17,11:12,Sun,316,True,P301 - P+R Slinge bovendek,316
2020-05-17,11:13,Sun,316,True,P301 - P+R Slinge bovendek,316
2020-05-17,11:14,Sun,316,True,P301 - P+R Slinge bovendek,316
2020-05-17,11:15,Sun,316,True,P301 - P+R Slinge bovendek,316
2020-05-17,11:16,Sun,316,True,P301 - P+R Slinge bovendek,316
2020-05-17,11:17,Sun,316,True,P301 - P+R Slinge bovendek,316
2020-05-17,11:18,Sun,316,True,P301 - P+R Slinge bovendek,316
2020-05-17,11:19,Sun,316,True,P301 - P+R Slinge bovendek,316
2020-05-17,11:20,Sun,316,True,P301 - P+R Slinge bovendek,316
2020-05-17,11:21,Sun,316,True,P301 - P+R Slinge bovendek,316
2020-05-17,11:22,Sun,316,True,P301 - P+R Slinge bovendek,316
2020-05-17,11:23,Sun,316,True,P301 - P+R Slinge bovendek,316
2020-05-17,11:24,Sun,316,True,P301 - P+R Slinge bovendek,316
2020-05-17,11:25,Sun,316,True,P301 - P+R Slinge bovendek,316
2020-05-17,11:26,Sun,316,True,P301 - P+R Slinge bovendek,316
2020-05-17,11:27,Sun,316,True,P301 - P+R Slinge bovendek,316
2020-05-17,11:28,Sun,316,True,P301 - P+R Slinge bovendek,316
2020-05-17,11:29,Sun,316,True,P301 - P+R Slinge bovendek,316
2020-05-17,11:30,Sun,316,True,P301 - P+R Slinge bovendek,316
2020-05-17,11:31,Sun,316,True,P301 - P+R Slinge bovendek,316
2020-05-17,11:32,Sun,316,True,P301 - P+R Slinge bovendek,316
2020-05-17,11:33,Sun,316,True,P301 - P+R Slinge bovendek,316
2020-05-17,11:34,Sun,316,True,P301 - P+R Slinge bovendek,316
2020-05-17,11:35,Sun,316,True,P301 - P+R Slinge bovendek,316
2020-05-17,11:36,Sun,316,True,P301 - P+R Slinge bovendek,316
2020-05-17,11:37,Sun,316,True,P301 - P+R Slinge bovendek,316
2020-05-17,11:38,Sun,316,True,P301 - P+R Slinge bovendek,316
2020-05-17,11:39,Sun,316,True,P301 - P+R Slinge bovendek,316
2020-05-17,11:40,Sun,316,True,P301 - P+R Slinge bovendek,316
2020-05-17,11:41,Sun,316,True,P301 - P+R Slinge bovendek,316
2020-05-17,11:42,Sun,316,True,P301 - P+R Slinge bovendek,316
2020-05-17,11:43,Sun,316,True,P301 - P+R Slinge bovendek,316
2020-05-17,11:44,Sun,316,True,P301 - P+R Slinge bovendek,316
2020-05-17,11:45,Sun,316,True,P301 - P+R Slinge bovendek,316
2020-05-17,11:46,Sun,316,True,P301 - P+R Slinge bovendek,316
2020-05-17,11:47,Sun,316,True,P301 - P+R Slinge bovendek,316
2020-05-17,11:48,Sun,316,True,P301 - P+R Slinge bovendek,316
2020-05-17,11:49,Sun,316,True,P301 - P+R Slinge bovendek,316
2020-05-17,11:50,Sun,316,True,P301 - P+R Slinge bovendek,316
2020-05-17,11:51,Sun,316,True,P301 - P+R Slinge bovendek,316
2020-05-17,11:52,Sun,316,True,P301 - P+R Slinge bovendek,316
2020-05-17,11:53,Sun,316,True,P301 - P+R Slinge bovendek,316
2020-05-17,11:54,Sun,316,True,P301 - P+R Slinge bovendek,316
2020-05-17,11:55,Sun,316,True,P301 - P+R Slinge bovendek,316
2020-05-17,11:56,Sun,316,True,P301 - P+R Slinge bovendek,316
2020-05-17,11:57,Sun,316,True,P301 - P+R Slinge bovendek,316
2020-05-17,11:58,Sun,316,True,P301 - P+R Slinge bovendek,316
2020-05-17,11:59,Sun,316,True,P301 - P+R Slinge bovendek,316
2020-05-17,12:00,Sun,316,True,P301 - P+R Slinge bovendek,316
2020-05-17,12:01,Sun,316,True,P301 - P+R Slinge bovendek,316
2020-05-17,12:02,Sun,316,True,P301 - P+R Slinge bovendek,316
2020-05-17,12:03,Sun,316,True,P301 - P+R Slinge bovendek,316
2020-05-17,12:04,Sun,316,True,P301 - P+R Slinge bovendek,316
2020-05-17,12:05,Sun,316,True,P301 - P+R Slinge bovendek,316
2020-05-17,12:06,Sun,316,True,P301 - P+R Slinge bovendek,316
2020-05-17,12:07,Sun,316,True,P301 - P+R Slinge bovendek,316
2020-05-17,12:08,Sun,316,True,P301 - P+R Slinge bovendek,316
2020-05-17,12:09,Sun,316,True,P301 - P+R Slinge bovendek,316
2020-05-17,12:10,Sun,316,True,P301 - P+R Slinge bovendek,316
2020-05-17,12:11,Sun,316,True,P301 - P+R Slinge bovendek,316
2020-05-17,12:12,Sun,316,True,P301 - P+R Slinge bovendek,316
2020-05-17,12:13,Sun,316,True,P301 - P+R Slinge bovendek,316
2020-05-17,12:14,Sun,316,True,P301 - P+R Slinge bovendek,316
2020-05-17,12:15,Sun,316,True,P301 - P+R Slinge bovendek,316
2020-05-17,12:16,Sun,316,True,P301 - P+R Slinge bovendek,316
2020-05-17,12:17,Sun,316,True,P301 - P+R Slinge bovendek,316
2020-05-17,12:18,Sun,316,True,P301 - P+R Slinge bovendek,316
2020-05-17,12:19,Sun,316,True,P301 - P+R Slinge bovendek,316
2020-05-17,12:20,Sun,316,True,P301 - P+R Slinge bovendek,316
2020-05-17,12:21,Sun,316,True,P301 - P+R Slinge bovendek,316
2020-05-17,12:22,Sun,316,True,P301 - P+R Slinge bovendek,316
2020-05-17,12:23,Sun,316,True,P301 - P+R Slinge bovendek,316
2020-05-17,12:24,Sun,316,True,P301 - P+R Slinge bovendek,316
2020-05-17,12:25,Sun,316,True,P301 - P+R Slinge bovendek,316
2020-05-17,12:26,Sun,316,True,P301 - P+R Slinge bovendek,316
2020-05-17,12:27,Sun,316,True,P301 - P+R Slinge bovendek,316
2020-05-17,12:28,Sun,316,True,P301 - P+R Slinge bovendek,316
2020-05-17,12:29,Sun,316,True,P301 - P+R Slinge bovendek,316
2020-05-17,12:30,Sun,316,True,P301 - P+R Slinge bovendek,316
2020-05-17,12:31,Sun,316,True,P301 - P+R Slinge bovendek,316
2020-05-17,12:32,Sun,316,True,P301 - P+R Slinge bovendek,316
2020-05-17,12:33,Sun,316,True,P301 - P+R Slinge bovendek,316
2020-05-17,12:34,Sun,316,True,P301 - P+R Slinge bovendek,316
2020-05-17,12:35,Sun,316,True,P301 - P+R Slinge bovendek,316
2020-05-17,12:36,Sun,316,True,P301 - P+R Slinge bovendek,316
2020-05-17,12:37,Sun,316,True,P301 - P+R Slinge bovendek,316
2020-05-17,12:38,Sun,316,True,P301 - P+R Slinge bovendek,316
2020-05-17,12:39,Sun,316,True,P301 - P+R Slinge bovendek,316
2020-05-17,12:40,Sun,316,True,P301 - P+R Slinge bovendek,316
2020-05-17,12:41,Sun,316,True,P301 - P+R Slinge bovendek,316
2020-05-17,12:42,Sun,316,True,P301 - P+R Slinge bovendek,316
2020-05-17,12:43,Sun,316,True,P301 - P+R Slinge bovendek,316
2020-05-17,12:44,Sun,316,True,P301 - P+R Slinge bovendek,316
2020-05-17,12:45,Sun,316,True,P301 - P+R Slinge bovendek,316
2020-05-17,12:46,Sun,316,True,P301 - P+R Slinge bovendek,316
2020-05-17,12:47,Sun,316,True,P301 - P+R Slinge bovendek,316
2020-05-17,12:48,Sun,316,True,P301 - P+R Slinge bovendek,316
2020-05-17,12:49,Sun,316,True,P301 - P+R Slinge bovendek,316
2020-05-17,12:50,Sun,316,True,P301 - P+R Slinge bovendek,316
2020-05-17,12:51,Sun,316,True,P301 - P+R Slinge bovendek,316
2020-05-17,12:52,Sun,316,True,P301 - P+R Slinge bovendek,316
2020-05-17,12:53,Sun,316,True,P301 - P+R Slinge bovendek,316
2020-05-17,12:54,Sun,316,True,P301 - P+R Slinge bovendek,316
2020-05-17,12:55,Sun,316,True,P301 - P+R Slinge bovendek,316
2020-05-17,12:56,Sun,316,True,P301 - P+R Slinge bovendek,316
2020-05-17,12:57,Sun,316,True,P301 - P+R Slinge bovendek,316
2020-05-17,12:58,Sun,316,True,P301 - P+R Slinge bovendek,316
2020-05-17,12:59,Sun,316,True,P301 - P+R Slinge bovendek,316
2020-05-17,13:00,Sun,316,True,P301 - P+R Slinge bovendek,316
2020-05-17,13:01,Sun,316,True,P301 - P+R Slinge bovendek,316
2020-05-17,13:02,Sun,316,True,P301 - P+R Slinge bovendek,316
2020-05-17,13:03,Sun,316,True,P301 - P+R Slinge bovendek,316
2020-05-17,13:04,Sun,316,True,P301 - P+R Slinge bovendek,316
2020-05-17,13:05,Sun,316,True,P301 - P+R Slinge bovendek,316
2020-05-17,13:06,Sun,316,True,P301 - P+R Slinge bovendek,316
2020-05-17,13:07,Sun,316,True,P301 - P+R Slinge bovendek,316
2020-05-17,13:08,Sun,316,True,P301 - P+R Slinge bovendek,316
2020-05-17,13:09,Sun,316,True,P301 - P+R Slinge bovendek,316
2020-05-17,13:10,Sun,316,True,P301 - P+R Slinge bovendek,316
2020-05-17,13:11,Sun,316,True,P301 - P+R Slinge bovendek,316
2020-05-17,13:12,Sun,316,True,P301 - P+R Slinge bovendek,316
2020-05-17,13:13,Sun,316,True,P301 - P+R Slinge bovendek,316
2020-05-17,13:14,Sun,316,True,P301 - P+R Slinge bovendek,316
2020-05-17,13:15,Sun,316,True,P301 - P+R Slinge bovendek,316
2020-05-17,13:16,Sun,316,True,P301 - P+R Slinge bovendek,316
2020-05-17,13:17,Sun,316,True,P301 - P+R Slinge bovendek,316
2020-05-17,13:18,Sun,316,True,P301 - P+R Slinge bovendek,316
2020-05-17,13:19,Sun,316,True,P301 - P+R Slinge bovendek,316
2020-05-17,13:20,Sun,316,True,P301 - P+R Slinge bovendek,316
2020-05-17,13:21,Sun,316,True,P301 - P+R Slinge bovendek,316
2020-05-17,13:22,Sun,316,True,P301 - P+R Slinge bovendek,316
2020-05-17,13:23,Sun,316,True,P301 - P+R Slinge bovendek,316
2020-05-17,13:24,Sun,316,True,P301 - P+R Slinge bovendek,316
2020-05-17,13:25,Sun,316,True,P301 - P+R Slinge bovendek,316
2020-05-17,13:26,Sun,316,True,P301 - P+R Slinge bovendek,316
2020-05-17,13:27,Sun,316,True,P301 - P+R Slinge bovendek,316
2020-05-17,13:28,Sun,316,True,P301 - P+R Slinge bovendek,316
2020-05-17,13:29,Sun,316,True,P301 - P+R Slinge bovendek,316
2020-05-17,13:30,Sun,316,True,P301 - P+R Slinge bovendek,316
2020-05-17,13:31,Sun,316,True,P301 - P+R Slinge bovendek,316
2020-05-17,13:32,Sun,316,True,P301 - P+R Slinge bovendek,316
2020-05-17,13:33,Sun,316,True,P301 - P+R Slinge bovendek,316
2020-05-17,13:34,Sun,316,True,P301 - P+R Slinge bovendek,316
2020-05-17,13:35,Sun,316,True,P301 - P+R Slinge bovendek,316
2020-05-17,13:36,Sun,316,True,P301 - P+R Slinge bovendek,316
2020-05-17,13:37,Sun,316,True,P301 - P+R Slinge bovendek,316
2020-05-17,13:38,Sun,316,True,P301 - P+R Slinge bovendek,316
2020-05-17,13:39,Sun,316,True,P301 - P+R Slinge bovendek,316
2020-05-17,13:40,Sun,316,True,P301 - P+R Slinge bovendek,316
2020-05-17,13:41,Sun,316,True,P301 - P+R Slinge bovendek,316
2020-05-17,13:42,Sun,316,True,P301 - P+R Slinge bovendek,316
2020-05-17,13:43,Sun,316,True,P301 - P+R Slinge bovendek,316
2020-05-17,13:44,Sun,316,True,P301 - P+R Slinge bovendek,316
2020-05-17,13:45,Sun,316,True,P301 - P+R Slinge bovendek,316
2020-05-17,13:46,Sun,316,True,P301 - P+R Slinge bovendek,316
2020-05-17,13:47,Sun,316,True,P301 - P+R Slinge bovendek,316
2020-05-17,13:48,Sun,316,True,P301 - P+R Slinge bovendek,316
2020-05-17,13:49,Sun,316,True,P301 - P+R Slinge bovendek,316
2020-05-17,13:50,Sun,316,True,P301 - P+R Slinge bovendek,316
2020-05-17,13:51,Sun,316,True,P301 - P+R Slinge bovendek,316
2020-05-17,13:52,Sun,316,True,P301 - P+R Slinge bovendek,316
2020-05-17,13:53,Sun,316,True,P301 - P+R Slinge bovendek,316
2020-05-17,13:54,Sun,316,True,P301 - P+R Slinge bovendek,316
2020-05-17,13:55,Sun,316,True,P301 - P+R Slinge bovendek,316
2020-05-17,13:56,Sun,316,True,P301 - P+R Slinge bovendek,316
2020-05-17,13:57,Sun,316,True,P301 - P+R Slinge bovendek,316
2020-05-17,13:58,Sun,316,True,P301 - P+R Slinge bovendek,316
2020-05-17,13:59,Sun,316,True,P301 - P+R Slinge bovendek,316
2020-05-17,14:00,Sun,316,True,P301 - P+R Slinge bovendek,316
2020-05-17,14:01,Sun,316,True,P301 - P+R Slinge bovendek,316
2020-05-17,14:02,Sun,316,True,P301 - P+R Slinge bovendek,316
2020-05-17,14:03,Sun,316,True,P301 - P+R Slinge bovendek,316
2020-05-17,14:04,Sun,316,True,P301 - P+R Slinge bovendek,316
2020-05-17,14:05,Sun,316,True,P301 - P+R Slinge bovendek,316
2020-05-17,14:06,Sun,316,True,P301 - P+R Slinge bovendek,316
2020-05-17,14:07,Sun,316,True,P301 - P+R Slinge bovendek,316
2020-05-17,14:08,Sun,316,True,P301 - P+R Slinge bovendek,316
2020-05-17,14:09,Sun,316,True,P301 - P+R Slinge bovendek,316
2020-05-17,14:10,Sun,316,True,P301 - P+R Slinge bovendek,316
2020-05-17,14:11,Sun,316,True,P301 - P+R Slinge bovendek,316
2020-05-17,14:12,Sun,316,True,P301 - P+R Slinge bovendek,316
2020-05-17,14:13,Sun,316,True,P301 - P+R Slinge bovendek,316
2020-05-17,14:14,Sun,316,True,P301 - P+R Slinge bovendek,316
2020-05-17,14:15,Sun,316,True,P301 - P+R Slinge bovendek,316
2020-05-17,14:16,Sun,316,True,P301 - P+R Slinge bovendek,316
2020-05-17,14:17,Sun,316,True,P301 - P+R Slinge bovendek,316
2020-05-17,14:18,Sun,316,True,P301 - P+R Slinge bovendek,316
2020-05-17,14:19,Sun,316,True,P301 - P+R Slinge bovendek,316
2020-05-17,14:20,Sun,316,True,P301 - P+R Slinge bovendek,316
2020-05-17,14:21,Sun,316,True,P301 - P+R Slinge bovendek,316
2020-05-17,14:22,Sun,316,True,P301 - P+R Slinge bovendek,316
2020-05-17,14:23,Sun,316,True,P301 - P+R Slinge bovendek,316
2020-05-17,14:24,Sun,316,True,P301 - P+R Slinge bovendek,316
2020-05-17,14:25,Sun,316,True,P301 - P+R Slinge bovendek,316
2020-05-17,14:26,Sun,316,True,P301 - P+R Slinge bovendek,316
2020-05-17,14:27,Sun,316,True,P301 - P+R Slinge bovendek,316
2020-05-17,14:28,Sun,316,True,P301 - P+R Slinge bovendek,316
2020-05-17,14:29,Sun,316,True,P301 - P+R Slinge bovendek,316
2020-05-17,14:30,Sun,316,True,P301 - P+R Slinge bovendek,316
2020-05-17,14:31,Sun,316,True,P301 - P+R Slinge bovendek,316
2020-05-17,14:32,Sun,316,True,P301 - P+R Slinge bovendek,316
2020-05-17,14:33,Sun,316,True,P301 - P+R Slinge bovendek,316
2020-05-17,14:34,Sun,316,True,P301 - P+R Slinge bovendek,316
2020-05-17,14:35,Sun,316,True,P301 - P+R Slinge bovendek,316
2020-05-17,14:36,Sun,316,True,P301 - P+R Slinge bovendek,316
2020-05-17,14:37,Sun,316,True,P301 - P+R Slinge bovendek,316
2020-05-17,14:38,Sun,316,True,P301 - P+R Slinge bovendek,316
2020-05-17,14:39,Sun,316,True,P301 - P+R Slinge bovendek,316
2020-05-17,14:40,Sun,316,True,P301 - P+R Slinge bovendek,316
2020-05-17,14:41,Sun,316,True,P301 - P+R Slinge bovendek,316
2020-05-17,14:42,Sun,316,True,P301 - P+R Slinge bovendek,316
2020-05-17,14:43,Sun,316,True,P301 - P+R Slinge bovendek,316
2020-05-17,14:44,Sun,316,True,P301 - P+R Slinge bovendek,316
2020-05-17,14:45,Sun,316,True,P301 - P+R Slinge bovendek,316
2020-05-17,14:46,Sun,316,True,P301 - P+R Slinge bovendek,316
2020-05-17,14:47,Sun,316,True,P301 - P+R Slinge bovendek,316
2020-05-17,14:48,Sun,316,True,P301 - P+R Slinge bovendek,316
2020-05-17,14:49,Sun,316,True,P301 - P+R Slinge bovendek,316
2020-05-17,14:50,Sun,316,True,P301 - P+R Slinge bovendek,316
2020-05-17,14:51,Sun,316,True,P301 - P+R Slinge bovendek,316
2020-05-17,14:52,Sun,316,True,P301 - P+R Slinge bovendek,316
2020-05-17,14:53,Sun,316,True,P301 - P+R Slinge bovendek,316
2020-05-17,14:54,Sun,316,True,P301 - P+R Slinge bovendek,316
2020-05-17,14:55,Sun,316,True,P301 - P+R Slinge bovendek,316
2020-05-17,14:56,Sun,316,True,P301 - P+R Slinge bovendek,316
2020-05-17,14:57,Sun,316,True,P301 - P+R Slinge bovendek,316
2020-05-17,14:58,Sun,316,True,P301 - P+R Slinge bovendek,316
2020-05-17,14:59,Sun,316,True,P301 - P+R Slinge bovendek,316
2020-05-17,15:00,Sun,316,True,P301 - P+R Slinge bovendek,316
2020-05-17,15:01,Sun,316,True,P301 - P+R Slinge bovendek,316
2020-05-17,15:02,Sun,316,True,P301 - P+R Slinge bovendek,316
2020-05-17,15:03,Sun,316,True,P301 - P+R Slinge bovendek,316
2020-05-17,15:04,Sun,316,True,P301 - P+R Slinge bovendek,316
2020-05-17,15:05,Sun,316,True,P301 - P+R Slinge bovendek,316
2020-05-17,15:06,Sun,316,True,P301 - P+R Slinge bovendek,316
2020-05-17,15:07,Sun,316,True,P301 - P+R Slinge bovendek,316
2020-05-17,15:08,Sun,316,True,P301 - P+R Slinge bovendek,316
2020-05-17,15:09,Sun,316,True,P301 - P+R Slinge bovendek,316
2020-05-17,15:10,Sun,316,True,P301 - P+R Slinge bovendek,316
2020-05-17,15:11,Sun,316,True,P301 - P+R Slinge bovendek,316
2020-05-17,15:12,Sun,316,True,P301 - P+R Slinge bovendek,316
2020-05-17,15:13,Sun,316,True,P301 - P+R Slinge bovendek,316
2020-05-17,15:14,Sun,316,True,P301 - P+R Slinge bovendek,316
2020-05-17,15:15,Sun,316,True,P301 - P+R Slinge bovendek,316
2020-05-17,15:16,Sun,316,True,P301 - P+R Slinge bovendek,316
2020-05-17,15:17,Sun,316,True,P301 - P+R Slinge bovendek,316
2020-05-17,15:18,Sun,316,True,P301 - P+R Slinge bovendek,316
2020-05-17,15:19,Sun,316,True,P301 - P+R Slinge bovendek,316
2020-05-17,15:20,Sun,316,True,P301 - P+R Slinge bovendek,316
2020-05-17,15:21,Sun,316,True,P301 - P+R Slinge bovendek,316
2020-05-17,15:22,Sun,316,True,P301 - P+R Slinge bovendek,316
2020-05-17,15:23,Sun,316,True,P301 - P+R Slinge bovendek,316
2020-05-17,15:24,Sun,316,True,P301 - P+R Slinge bovendek,316
2020-05-17,15:25,Sun,316,True,P301 - P+R Slinge bovendek,316
2020-05-17,15:26,Sun,316,True,P301 - P+R Slinge bovendek,316
2020-05-17,15:27,Sun,316,True,P301 - P+R Slinge bovendek,316
2020-05-17,15:28,Sun,316,True,P301 - P+R Slinge bovendek,316
2020-05-17,15:29,Sun,316,True,P301 - P+R Slinge bovendek,316
2020-05-17,15:30,Sun,316,True,P301 - P+R Slinge bovendek,316
2020-05-17,15:31,Sun,316,True,P301 - P+R Slinge bovendek,316
2020-05-17,15:32,Sun,316,True,P301 - P+R Slinge bovendek,316
2020-05-17,15:33,Sun,316,True,P301 - P+R Slinge bovendek,316
2020-05-17,15:34,Sun,316,True,P301 - P+R Slinge bovendek,316
2020-05-17,15:35,Sun,316,True,P301 - P+R Slinge bovendek,316
2020-05-17,15:36,Sun,316,True,P301 - P+R Slinge bovendek,316
2020-05-17,15:37,Sun,316,True,P301 - P+R Slinge bovendek,316
2020-05-17,15:38,Sun,316,True,P301 - P+R Slinge bovendek,316
2020-05-17,15:39,Sun,316,True,P301 - P+R Slinge bovendek,316
2020-05-17,15:40,Sun,316,True,P301 - P+R Slinge bovendek,316
2020-05-17,15:41,Sun,316,True,P301 - P+R Slinge bovendek,316
2020-05-17,15:42,Sun,316,True,P301 - P+R Slinge bovendek,316
2020-05-17,15:43,Sun,316,True,P301 - P+R Slinge bovendek,316
2020-05-17,15:44,Sun,316,True,P301 - P+R Slinge bovendek,316
2020-05-17,15:45,Sun,316,True,P301 - P+R Slinge bovendek,316
2020-05-17,15:46,Sun,316,True,P301 - P+R Slinge bovendek,316
2020-05-17,15:47,Sun,316,True,P301 - P+R Slinge bovendek,316
2020-05-17,15:48,Sun,316,True,P301 - P+R Slinge bovendek,316
2020-05-17,15:49,Sun,316,True,P301 - P+R Slinge bovendek,316
2020-05-17,15:50,Sun,316,True,P301 - P+R Slinge bovendek,316
2020-05-17,15:51,Sun,316,True,P301 - P+R Slinge bovendek,316
2020-05-17,15:52,Sun,316,True,P301 - P+R Slinge bovendek,316
2020-05-17,15:53,Sun,316,True,P301 - P+R Slinge bovendek,316
2020-05-17,15:54,Sun,316,True,P301 - P+R Slinge bovendek,316
2020-05-17,15:55,Sun,316,True,P301 - P+R Slinge bovendek,316
2020-05-17,15:56,Sun,316,True,P301 - P+R Slinge bovendek,316
2020-05-17,15:57,Sun,316,True,P301 - P+R Slinge bovendek,316
2020-05-17,15:58,Sun,316,True,P301 - P+R Slinge bovendek,316
2020-05-17,15:59,Sun,316,True,P301 - P+R Slinge bovendek,316
2020-05-17,16:00,Sun,316,True,P301 - P+R Slinge bovendek,316
2020-05-17,16:01,Sun,316,True,P301 - P+R Slinge bovendek,316
2020-05-17,16:02,Sun,316,True,P301 - P+R Slinge bovendek,316
2020-05-17,16:03,Sun,316,True,P301 - P+R Slinge bovendek,316
2020-05-17,16:04,Sun,316,True,P301 - P+R Slinge bovendek,316
2020-05-17,16:05,Sun,316,True,P301 - P+R Slinge bovendek,316
2020-05-17,16:06,Sun,316,True,P301 - P+R Slinge bovendek,316
2020-05-17,16:07,Sun,316,True,P301 - P+R Slinge bovendek,316
2020-05-17,16:08,Sun,316,True,P301 - P+R Slinge bovendek,316
2020-05-17,16:09,Sun,316,True,P301 - P+R Slinge bovendek,316
2020-05-17,16:10,Sun,316,True,P301 - P+R Slinge bovendek,316
2020-05-17,16:11,Sun,316,True,P301 - P+R Slinge bovendek,316
2020-05-17,16:12,Sun,316,True,P301 - P+R Slinge bovendek,316
2020-05-17,16:13,Sun,316,True,P301 - P+R Slinge bovendek,316
2020-05-17,16:14,Sun,316,True,P301 - P+R Slinge bovendek,316
2020-05-17,16:15,Sun,316,True,P301 - P+R Slinge bovendek,316
2020-05-17,16:16,Sun,316,True,P301 - P+R Slinge bovendek,316
2020-05-17,16:17,Sun,316,True,P301 - P+R Slinge bovendek,316
2020-05-17,16:18,Sun,316,True,P301 - P+R Slinge bovendek,316
2020-05-17,16:19,Sun,316,True,P301 - P+R Slinge bovendek,316
2020-05-17,16:20,Sun,316,True,P301 - P+R Slinge bovendek,316
2020-05-17,16:21,Sun,316,True,P301 - P+R Slinge bovendek,316
2020-05-17,16:22,Sun,316,True,P301 - P+R Slinge bovendek,316
2020-05-17,16:23,Sun,316,True,P301 - P+R Slinge bovendek,316
2020-05-17,16:24,Sun,316,True,P301 - P+R Slinge bovendek,316
2020-05-17,16:25,Sun,316,True,P301 - P+R Slinge bovendek,316
2020-05-17,16:26,Sun,316,True,P301 - P+R Slinge bovendek,316
2020-05-17,16:27,Sun,316,True,P301 - P+R Slinge bovendek,316
2020-05-17,16:28,Sun,316,True,P301 - P+R Slinge bovendek,316
2020-05-17,16:29,Sun,316,True,P301 - P+R Slinge bovendek,316
2020-05-17,16:30,Sun,316,True,P301 - P+R Slinge bovendek,316
2020-05-17,16:31,Sun,316,True,P301 - P+R Slinge bovendek,316
2020-05-17,16:32,Sun,316,True,P301 - P+R Slinge bovendek,316
2020-05-17,16:33,Sun,316,True,P301 - P+R Slinge bovendek,316
2020-05-17,16:34,Sun,316,True,P301 - P+R Slinge bovendek,316
2020-05-17,16:35,Sun,316,True,P301 - P+R Slinge bovendek,316
2020-05-17,16:36,Sun,316,True,P301 - P+R Slinge bovendek,316
2020-05-17,16:37,Sun,316,True,P301 - P+R Slinge bovendek,316
2020-05-17,16:38,Sun,316,True,P301 - P+R Slinge bovendek,316
2020-05-17,16:39,Sun,316,True,P301 - P+R Slinge bovendek,316
2020-05-17,16:40,Sun,316,True,P301 - P+R Slinge bovendek,316
2020-05-17,16:41,Sun,316,True,P301 - P+R Slinge bovendek,316
2020-05-17,16:42,Sun,316,True,P301 - P+R Slinge bovendek,316
2020-05-17,16:43,Sun,316,True,P301 - P+R Slinge bovendek,316
2020-05-17,16:44,Sun,316,True,P301 - P+R Slinge bovendek,316
2020-05-17,16:45,Sun,316,True,P301 - P+R Slinge bovendek,316
2020-05-17,16:46,Sun,316,True,P301 - P+R Slinge bovendek,316
2020-05-17,16:47,Sun,316,True,P301 - P+R Slinge bovendek,316
2020-05-17,16:48,Sun,316,True,P301 - P+R Slinge bovendek,316
2020-05-17,16:49,Sun,316,True,P301 - P+R Slinge bovendek,316
2020-05-17,16:50,Sun,316,True,P301 - P+R Slinge bovendek,316
2020-05-17,16:51,Sun,316,True,P301 - P+R Slinge bovendek,316
2020-05-17,16:52,Sun,316,True,P301 - P+R Slinge bovendek,316
2020-05-17,16:53,Sun,316,True,P301 - P+R Slinge bovendek,316
2020-05-17,16:54,Sun,316,True,P301 - P+R Slinge bovendek,316
2020-05-17,16:55,Sun,316,True,P301 - P+R Slinge bovendek,316
2020-05-17,16:56,Sun,316,True,P301 - P+R Slinge bovendek,316
2020-05-17,16:57,Sun,316,True,P301 - P+R Slinge bovendek,316
2020-05-17,16:58,Sun,316,True,P301 - P+R Slinge bovendek,316
2020-05-17,16:59,Sun,316,True,P301 - P+R Slinge bovendek,316
2020-05-17,17:00,Sun,316,True,P301 - P+R Slinge bovendek,316
2020-05-17,17:01,Sun,316,True,P301 - P+R Slinge bovendek,316
2020-05-17,17:02,Sun,316,True,P301 - P+R Slinge bovendek,316
2020-05-17,17:03,Sun,316,True,P301 - P+R Slinge bovendek,316
2020-05-17,17:04,Sun,316,True,P301 - P+R Slinge bovendek,316
2020-05-17,17:05,Sun,316,True,P301 - P+R Slinge bovendek,316
2020-05-17,17:06,Sun,316,True,P301 - P+R Slinge bovendek,316
2020-05-17,17:07,Sun,316,True,P301 - P+R Slinge bovendek,316
2020-05-17,17:08,Sun,316,True,P301 - P+R Slinge bovendek,316
2020-05-17,17:09,Sun,316,True,P301 - P+R Slinge bovendek,316
2020-05-17,17:10,Sun,316,True,P301 - P+R Slinge bovendek,316
2020-05-17,17:11,Sun,316,True,P301 - P+R Slinge bovendek,316
2020-05-17,17:12,Sun,316,True,P301 - P+R Slinge bovendek,316
2020-05-17,17:13,Sun,316,True,P301 - P+R Slinge bovendek,316
2020-05-17,17:14,Sun,316,True,P301 - P+R Slinge bovendek,316
2020-05-17,17:15,Sun,316,True,P301 - P+R Slinge bovendek,316
2020-05-17,17:16,Sun,316,True,P301 - P+R Slinge bovendek,316
2020-05-17,17:17,Sun,316,True,P301 - P+R Slinge bovendek,316
2020-05-17,17:18,Sun,316,True,P301 - P+R Slinge bovendek,316
2020-05-17,17:19,Sun,316,True,P301 - P+R Slinge bovendek,316
2020-05-17,17:20,Sun,316,True,P301 - P+R Slinge bovendek,316
2020-05-17,17:21,Sun,316,True,P301 - P+R Slinge bovendek,316
2020-05-17,17:22,Sun,316,True,P301 - P+R Slinge bovendek,316
2020-05-17,17:23,Sun,316,True,P301 - P+R Slinge bovendek,316
2020-05-17,17:24,Sun,316,True,P301 - P+R Slinge bovendek,316
2020-05-17,17:25,Sun,316,True,P301 - P+R Slinge bovendek,316
2020-05-17,17:26,Sun,316,True,P301 - P+R Slinge bovendek,316
2020-05-17,17:27,Sun,316,True,P301 - P+R Slinge bovendek,316
2020-05-17,17:28,Sun,316,True,P301 - P+R Slinge bovendek,316
2020-05-17,17:29,Sun,316,True,P301 - P+R Slinge bovendek,316
2020-05-17,17:30,Sun,316,True,P301 - P+R Slinge bovendek,316
2020-05-17,17:31,Sun,316,True,P301 - P+R Slinge bovendek,316
2020-05-17,17:32,Sun,316,True,P301 - P+R Slinge bovendek,316
2020-05-17,17:33,Sun,316,True,P301 - P+R Slinge bovendek,316
2020-05-17,17:34,Sun,316,True,P301 - P+R Slinge bovendek,316
2020-05-17,17:35,Sun,316,True,P301 - P+R Slinge bovendek,316
2020-05-17,17:36,Sun,316,True,P301 - P+R Slinge bovendek,316
2020-05-17,17:37,Sun,316,True,P301 - P+R Slinge bovendek,316
2020-05-17,17:38,Sun,316,True,P301 - P+R Slinge bovendek,316
2020-05-17,17:39,Sun,316,True,P301 - P+R Slinge bovendek,316
2020-05-17,17:40,Sun,316,True,P301 - P+R Slinge bovendek,316
2020-05-17,17:41,Sun,316,True,P301 - P+R Slinge bovendek,316
2020-05-17,17:42,Sun,316,True,P301 - P+R Slinge bovendek,316
2020-05-17,17:43,Sun,316,True,P301 - P+R Slinge bovendek,316
2020-05-17,17:44,Sun,316,True,P301 - P+R Slinge bovendek,316
2020-05-17,17:45,Sun,316,True,P301 - P+R Slinge bovendek,316
2020-05-17,17:46,Sun,316,True,P301 - P+R Slinge bovendek,316
2020-05-17,17:47,Sun,316,True,P301 - P+R Slinge bovendek,316
2020-05-17,17:48,Sun,316,True,P301 - P+R Slinge bovendek,316
2020-05-17,17:49,Sun,316,True,P301 - P+R Slinge bovendek,316
2020-05-17,17:50,Sun,316,True,P301 - P+R Slinge bovendek,316
2020-05-17,17:51,Sun,316,True,P301 - P+R Slinge bovendek,316
2020-05-17,17:52,Sun,316,True,P301 - P+R Slinge bovendek,316
2020-05-17,17:53,Sun,316,True,P301 - P+R Slinge bovendek,316
2020-05-17,17:54,Sun,316,True,P301 - P+R Slinge bovendek,316
2020-05-17,17:55,Sun,316,True,P301 - P+R Slinge bovendek,316
2020-05-17,17:56,Sun,316,True,P301 - P+R Slinge bovendek,316
2020-05-17,17:57,Sun,316,True,P301 - P+R Slinge bovendek,316
2020-05-17,17:58,Sun,316,True,P301 - P+R Slinge bovendek,316
2020-05-17,17:59,Sun,316,True,P301 - P+R Slinge bovendek,316
2020-05-17,18:00,Sun,316,True,P301 - P+R Slinge bovendek,316
2020-05-17,18:01,Sun,316,True,P301 - P+R Slinge bovendek,316
2020-05-17,18:02,Sun,316,True,P301 - P+R Slinge bovendek,316
2020-05-17,18:03,Sun,316,True,P301 - P+R Slinge bovendek,316
2020-05-17,18:04,Sun,316,True,P301 - P+R Slinge bovendek,316
2020-05-17,18:05,Sun,316,True,P301 - P+R Slinge bovendek,316
2020-05-17,18:06,Sun,316,True,P301 - P+R Slinge bovendek,316
2020-05-17,18:07,Sun,316,True,P301 - P+R Slinge bovendek,316
2020-05-17,18:08,Sun,316,True,P301 - P+R Slinge bovendek,316
2020-05-17,18:09,Sun,316,True,P301 - P+R Slinge bovendek,316
2020-05-17,18:10,Sun,316,True,P301 - P+R Slinge bovendek,316
2020-05-17,18:11,Sun,316,True,P301 - P+R Slinge bovendek,316
2020-05-17,18:12,Sun,316,True,P301 - P+R Slinge bovendek,316
2020-05-17,18:13,Sun,316,True,P301 - P+R Slinge bovendek,316
2020-05-17,18:14,Sun,316,True,P301 - P+R Slinge bovendek,316
2020-05-17,18:15,Sun,316,True,P301 - P+R Slinge bovendek,316
2020-05-17,18:16,Sun,316,True,P301 - P+R Slinge bovendek,316
2020-05-17,18:17,Sun,316,True,P301 - P+R Slinge bovendek,316
2020-05-17,18:18,Sun,316,True,P301 - P+R Slinge bovendek,316
2020-05-17,18:19,Sun,316,True,P301 - P+R Slinge bovendek,316
2020-05-17,18:20,Sun,316,True,P301 - P+R Slinge bovendek,316
2020-05-17,18:21,Sun,316,True,P301 - P+R Slinge bovendek,316
2020-05-17,18:22,Sun,316,True,P301 - P+R Slinge bovendek,316
2020-05-17,18:23,Sun,316,True,P301 - P+R Slinge bovendek,316
2020-05-17,18:24,Sun,316,True,P301 - P+R Slinge bovendek,316
2020-05-17,18:25,Sun,316,True,P301 - P+R Slinge bovendek,316
2020-05-17,18:26,Sun,316,True,P301 - P+R Slinge bovendek,316
2020-05-17,18:27,Sun,316,True,P301 - P+R Slinge bovendek,316
2020-05-17,18:28,Sun,316,True,P301 - P+R Slinge bovendek,316
2020-05-17,18:29,Sun,316,True,P301 - P+R Slinge bovendek,316
2020-05-17,18:30,Sun,316,True,P301 - P+R Slinge bovendek,316
2020-05-17,18:31,Sun,316,True,P301 - P+R Slinge bovendek,316
2020-05-17,18:32,Sun,316,True,P301 - P+R Slinge bovendek,316
2020-05-17,18:33,Sun,316,True,P301 - P+R Slinge bovendek,316
2020-05-17,18:34,Sun,316,True,P301 - P+R Slinge bovendek,316
2020-05-17,18:35,Sun,316,True,P301 - P+R Slinge bovendek,316
2020-05-17,18:36,Sun,316,True,P301 - P+R Slinge bovendek,316
2020-05-17,18:37,Sun,316,True,P301 - P+R Slinge bovendek,316
2020-05-17,18:38,Sun,316,True,P301 - P+R Slinge bovendek,316
2020-05-17,18:39,Sun,316,True,P301 - P+R Slinge bovendek,316
2020-05-17,18:40,Sun,316,True,P301 - P+R Slinge bovendek,316
2020-05-17,18:41,Sun,316,True,P301 - P+R Slinge bovendek,316
2020-05-17,18:42,Sun,316,True,P301 - P+R Slinge bovendek,316
2020-05-17,18:43,Sun,316,True,P301 - P+R Slinge bovendek,316
2020-05-17,18:44,Sun,316,True,P301 - P+R Slinge bovendek,316
2020-05-17,18:45,Sun,316,True,P301 - P+R Slinge bovendek,316
2020-05-17,18:46,Sun,316,True,P301 - P+R Slinge bovendek,316
2020-05-17,18:47,Sun,316,True,P301 - P+R Slinge bovendek,316
2020-05-17,18:48,Sun,316,True,P301 - P+R Slinge bovendek,316
2020-05-17,18:49,Sun,316,True,P301 - P+R Slinge bovendek,316
2020-05-17,18:50,Sun,316,True,P301 - P+R Slinge bovendek,316
2020-05-17,18:51,Sun,316,True,P301 - P+R Slinge bovendek,316
2020-05-17,18:52,Sun,316,True,P301 - P+R Slinge bovendek,316
2020-05-17,18:53,Sun,316,True,P301 - P+R Slinge bovendek,316
2020-05-17,18:54,Sun,316,True,P301 - P+R Slinge bovendek,316
2020-05-17,18:55,Sun,316,True,P301 - P+R Slinge bovendek,316
2020-05-17,18:56,Sun,316,True,P301 - P+R Slinge bovendek,316
2020-05-17,18:57,Sun,316,True,P301 - P+R Slinge bovendek,316
2020-05-17,18:58,Sun,316,True,P301 - P+R Slinge bovendek,316
2020-05-17,18:59,Sun,316,True,P301 - P+R Slinge bovendek,316
2020-05-17,19:00,Sun,316,True,P301 - P+R Slinge bovendek,316
2020-05-17,19:01,Sun,316,True,P301 - P+R Slinge bovendek,316
2020-05-17,19:02,Sun,316,True,P301 - P+R Slinge bovendek,316
2020-05-17,19:03,Sun,316,True,P301 - P+R Slinge bovendek,316
2020-05-17,19:04,Sun,316,True,P301 - P+R Slinge bovendek,316
2020-05-17,19:05,Sun,316,True,P301 - P+R Slinge bovendek,316
2020-05-17,19:06,Sun,316,True,P301 - P+R Slinge bovendek,316
2020-05-17,19:07,Sun,316,True,P301 - P+R Slinge bovendek,316
2020-05-17,19:08,Sun,316,True,P301 - P+R Slinge bovendek,316
2020-05-17,19:09,Sun,316,True,P301 - P+R Slinge bovendek,316
2020-05-17,19:10,Sun,316,True,P301 - P+R Slinge bovendek,316
2020-05-17,19:11,Sun,316,True,P301 - P+R Slinge bovendek,316
2020-05-17,19:12,Sun,316,True,P301 - P+R Slinge bovendek,316
2020-05-17,19:13,Sun,316,True,P301 - P+R Slinge bovendek,316
2020-05-17,19:14,Sun,316,True,P301 - P+R Slinge bovendek,316
2020-05-17,19:15,Sun,316,True,P301 - P+R Slinge bovendek,316
2020-05-17,19:16,Sun,316,True,P301 - P+R Slinge bovendek,316
2020-05-17,19:17,Sun,316,True,P301 - P+R Slinge bovendek,316
2020-05-17,19:18,Sun,316,True,P301 - P+R Slinge bovendek,316
2020-05-17,19:19,Sun,316,True,P301 - P+R Slinge bovendek,316
2020-05-17,19:20,Sun,316,True,P301 - P+R Slinge bovendek,316
2020-05-17,19:21,Sun,316,True,P301 - P+R Slinge bovendek,316
2020-05-17,19:22,Sun,316,True,P301 - P+R Slinge bovendek,316
2020-05-17,19:23,Sun,316,True,P301 - P+R Slinge bovendek,316
2020-05-17,19:24,Sun,316,True,P301 - P+R Slinge bovendek,316
2020-05-17,19:25,Sun,316,True,P301 - P+R Slinge bovendek,316
2020-05-17,19:26,Sun,316,True,P301 - P+R Slinge bovendek,316
2020-05-17,19:27,Sun,316,True,P301 - P+R Slinge bovendek,316
2020-05-17,19:28,Sun,316,True,P301 - P+R Slinge bovendek,316
2020-05-17,19:29,Sun,316,True,P301 - P+R Slinge bovendek,316
2020-05-17,19:30,Sun,316,True,P301 - P+R Slinge bovendek,316
2020-05-17,19:31,Sun,316,True,P301 - P+R Slinge bovendek,316
2020-05-17,19:32,Sun,316,True,P301 - P+R Slinge bovendek,316
2020-05-17,19:33,Sun,316,True,P301 - P+R Slinge bovendek,316
2020-05-17,19:34,Sun,316,True,P301 - P+R Slinge bovendek,316
2020-05-17,19:35,Sun,316,True,P301 - P+R Slinge bovendek,316
2020-05-17,19:36,Sun,316,True,P301 - P+R Slinge bovendek,316
2020-05-17,19:37,Sun,316,True,P301 - P+R Slinge bovendek,316
2020-05-17,19:38,Sun,316,True,P301 - P+R Slinge bovendek,316
2020-05-17,19:39,Sun,316,True,P301 - P+R Slinge bovendek,316
2020-05-17,19:40,Sun,316,True,P301 - P+R Slinge bovendek,316
2020-05-17,19:41,Sun,316,True,P301 - P+R Slinge bovendek,316
2020-05-17,19:42,Sun,316,True,P301 - P+R Slinge bovendek,316
2020-05-17,19:43,Sun,316,True,P301 - P+R Slinge bovendek,316
2020-05-17,19:44,Sun,316,True,P301 - P+R Slinge bovendek,316
2020-05-17,19:45,Sun,316,True,P301 - P+R Slinge bovendek,316
2020-05-17,19:46,Sun,316,True,P301 - P+R Slinge bovendek,316
2020-05-17,19:47,Sun,316,True,P301 - P+R Slinge bovendek,316
2020-05-17,19:48,Sun,316,True,P301 - P+R Slinge bovendek,316
2020-05-17,19:49,Sun,316,True,P301 - P+R Slinge bovendek,316
2020-05-17,19:50,Sun,316,True,P301 - P+R Slinge bovendek,316
2020-05-17,19:51,Sun,316,True,P301 - P+R Slinge bovendek,316
2020-05-17,19:52,Sun,316,True,P301 - P+R Slinge bovendek,316
2020-05-17,19:53,Sun,316,True,P301 - P+R Slinge bovendek,316
2020-05-17,19:54,Sun,316,True,P301 - P+R Slinge bovendek,316
2020-05-17,19:55,Sun,316,True,P301 - P+R Slinge bovendek,316
2020-05-17,19:56,Sun,316,True,P301 - P+R Slinge bovendek,316
2020-05-17,19:57,Sun,316,True,P301 - P+R Slinge bovendek,316
2020-05-17,19:58,Sun,316,True,P301 - P+R Slinge bovendek,316
2020-05-17,19:59,Sun,316,True,P301 - P+R Slinge bovendek,316
2020-05-17,20:00,Sun,316,True,P301 - P+R Slinge bovendek,316
2020-05-17,20:01,Sun,316,True,P301 - P+R Slinge bovendek,316
2020-05-17,20:02,Sun,316,True,P301 - P+R Slinge bovendek,316
2020-05-17,20:03,Sun,316,True,P301 - P+R Slinge bovendek,316
2020-05-17,20:04,Sun,316,True,P301 - P+R Slinge bovendek,316
2020-05-17,20:05,Sun,316,True,P301 - P+R Slinge bovendek,316
2020-05-17,20:06,Sun,316,True,P301 - P+R Slinge bovendek,316
2020-05-17,20:07,Sun,316,True,P301 - P+R Slinge bovendek,316
2020-05-17,20:08,Sun,316,True,P301 - P+R Slinge bovendek,316
2020-05-17,20:09,Sun,316,True,P301 - P+R Slinge bovendek,316
2020-05-17,20:10,Sun,316,True,P301 - P+R Slinge bovendek,316
2020-05-17,20:11,Sun,316,True,P301 - P+R Slinge bovendek,316
2020-05-17,20:12,Sun,316,True,P301 - P+R Slinge bovendek,316
2020-05-17,20:13,Sun,316,True,P301 - P+R Slinge bovendek,316
2020-05-17,20:14,Sun,316,True,P301 - P+R Slinge bovendek,316
2020-05-17,20:15,Sun,316,True,P301 - P+R Slinge bovendek,316
2020-05-17,20:16,Sun,316,True,P301 - P+R Slinge bovendek,316
2020-05-17,20:17,Sun,316,True,P301 - P+R Slinge bovendek,316
2020-05-17,20:18,Sun,316,True,P301 - P+R Slinge bovendek,316
2020-05-17,20:19,Sun,316,True,P301 - P+R Slinge bovendek,316
2020-05-17,20:20,Sun,316,True,P301 - P+R Slinge bovendek,316
2020-05-17,20:21,Sun,316,True,P301 - P+R Slinge bovendek,316
2020-05-17,20:22,Sun,316,True,P301 - P+R Slinge bovendek,316
2020-05-17,20:23,Sun,316,True,P301 - P+R Slinge bovendek,316
2020-05-17,20:24,Sun,316,True,P301 - P+R Slinge bovendek,316
2020-05-17,20:25,Sun,316,True,P301 - P+R Slinge bovendek,316
2020-05-17,20:26,Sun,316,True,P301 - P+R Slinge bovendek,316
2020-05-17,20:27,Sun,316,True,P301 - P+R Slinge bovendek,316
2020-05-17,20:28,Sun,316,True,P301 - P+R Slinge bovendek,316
2020-05-17,20:29,Sun,316,True,P301 - P+R Slinge bovendek,316
2020-05-17,20:30,Sun,316,True,P301 - P+R Slinge bovendek,316
2020-05-17,20:31,Sun,316,True,P301 - P+R Slinge bovendek,316
2020-05-17,20:32,Sun,316,True,P301 - P+R Slinge bovendek,316
2020-05-17,20:33,Sun,316,True,P301 - P+R Slinge bovendek,316
2020-05-17,20:34,Sun,316,True,P301 - P+R Slinge bovendek,316
2020-05-17,20:35,Sun,316,True,P301 - P+R Slinge bovendek,316
2020-05-17,20:36,Sun,316,True,P301 - P+R Slinge bovendek,316
2020-05-17,20:37,Sun,316,True,P301 - P+R Slinge bovendek,316
2020-05-17,20:38,Sun,316,True,P301 - P+R Slinge bovendek,316
2020-05-17,20:39,Sun,316,True,P301 - P+R Slinge bovendek,316
2020-05-17,20:40,Sun,316,True,P301 - P+R Slinge bovendek,316
2020-05-17,20:41,Sun,316,True,P301 - P+R Slinge bovendek,316
2020-05-17,20:42,Sun,316,True,P301 - P+R Slinge bovendek,316
2020-05-17,20:43,Sun,316,True,P301 - P+R Slinge bovendek,316
2020-05-17,20:44,Sun,316,True,P301 - P+R Slinge bovendek,316
2020-05-17,20:45,Sun,316,True,P301 - P+R Slinge bovendek,316
2020-05-17,20:46,Sun,316,True,P301 - P+R Slinge bovendek,316
2020-05-17,20:47,Sun,316,True,P301 - P+R Slinge bovendek,316
2020-05-17,20:48,Sun,316,True,P301 - P+R Slinge bovendek,316
2020-05-17,20:49,Sun,316,True,P301 - P+R Slinge bovendek,316
2020-05-17,20:50,Sun,316,True,P301 - P+R Slinge bovendek,316
2020-05-17,20:51,Sun,316,True,P301 - P+R Slinge bovendek,316
2020-05-17,20:52,Sun,316,True,P301 - P+R Slinge bovendek,316
2020-05-17,20:53,Sun,316,True,P301 - P+R Slinge bovendek,316
2020-05-17,20:54,Sun,316,True,P301 - P+R Slinge bovendek,316
2020-05-17,20:55,Sun,316,True,P301 - P+R Slinge bovendek,316
2020-05-17,20:56,Sun,316,True,P301 - P+R Slinge bovendek,316
2020-05-17,20:57,Sun,316,True,P301 - P+R Slinge bovendek,316
2020-05-17,20:58,Sun,316,True,P301 - P+R Slinge bovendek,316
2020-05-17,20:59,Sun,316,True,P301 - P+R Slinge bovendek,316
2020-05-17,21:00,Sun,316,True,P301 - P+R Slinge bovendek,316
2020-05-17,21:01,Sun,316,True,P301 - P+R Slinge bovendek,316
2020-05-17,21:02,Sun,316,True,P301 - P+R Slinge bovendek,316
2020-05-17,21:03,Sun,316,True,P301 - P+R Slinge bovendek,316
2020-05-17,21:04,Sun,316,True,P301 - P+R Slinge bovendek,316
2020-05-17,21:05,Sun,316,True,P301 - P+R Slinge bovendek,316
2020-05-17,21:06,Sun,316,True,P301 - P+R Slinge bovendek,316
2020-05-17,21:07,Sun,316,True,P301 - P+R Slinge bovendek,316
2020-05-17,21:08,Sun,316,True,P301 - P+R Slinge bovendek,316
2020-05-17,21:09,Sun,316,True,P301 - P+R Slinge bovendek,316
2020-05-17,21:10,Sun,316,True,P301 - P+R Slinge bovendek,316
2020-05-17,21:11,Sun,316,True,P301 - P+R Slinge bovendek,316
2020-05-17,21:12,Sun,316,True,P301 - P+R Slinge bovendek,316
2020-05-17,21:13,Sun,316,True,P301 - P+R Slinge bovendek,316
2020-05-17,21:14,Sun,316,True,P301 - P+R Slinge bovendek,316
2020-05-17,21:15,Sun,316,True,P301 - P+R Slinge bovendek,316
2020-05-17,21:16,Sun,316,True,P301 - P+R Slinge bovendek,316
2020-05-17,21:17,Sun,316,True,P301 - P+R Slinge bovendek,316
2020-05-17,21:18,Sun,316,True,P301 - P+R Slinge bovendek,316
2020-05-17,21:19,Sun,316,True,P301 - P+R Slinge bovendek,316
2020-05-17,21:20,Sun,316,True,P301 - P+R Slinge bovendek,316
2020-05-17,21:21,Sun,316,True,P301 - P+R Slinge bovendek,316
2020-05-17,21:22,Sun,316,True,P301 - P+R Slinge bovendek,316
2020-05-17,21:23,Sun,316,True,P301 - P+R Slinge bovendek,316
2020-05-17,21:24,Sun,316,True,P301 - P+R Slinge bovendek,316
2020-05-17,21:25,Sun,316,True,P301 - P+R Slinge bovendek,316
2020-05-17,21:26,Sun,316,True,P301 - P+R Slinge bovendek,316
2020-05-17,21:27,Sun,316,True,P301 - P+R Slinge bovendek,316
2020-05-17,21:28,Sun,316,True,P301 - P+R Slinge bovendek,316
2020-05-17,21:29,Sun,316,True,P301 - P+R Slinge bovendek,316
2020-05-17,21:30,Sun,316,True,P301 - P+R Slinge bovendek,316
2020-05-17,21:31,Sun,316,True,P301 - P+R Slinge bovendek,316
2020-05-17,21:32,Sun,316,True,P301 - P+R Slinge bovendek,316
2020-05-17,21:33,Sun,316,True,P301 - P+R Slinge bovendek,316
2020-05-17,21:34,Sun,316,True,P301 - P+R Slinge bovendek,316
2020-05-17,21:35,Sun,316,True,P301 - P+R Slinge bovendek,316
2020-05-17,21:36,Sun,316,True,P301 - P+R Slinge bovendek,316
2020-05-17,21:37,Sun,316,True,P301 - P+R Slinge bovendek,316
2020-05-17,21:38,Sun,316,True,P301 - P+R Slinge bovendek,316
2020-05-17,21:39,Sun,316,True,P301 - P+R Slinge bovendek,316
2020-05-17,21:40,Sun,316,True,P301 - P+R Slinge bovendek,316
2020-05-17,21:41,Sun,316,True,P301 - P+R Slinge bovendek,316
2020-05-17,21:42,Sun,316,True,P301 - P+R Slinge bovendek,316
2020-05-17,21:43,Sun,316,True,P301 - P+R Slinge bovendek,316
2020-05-17,21:44,Sun,316,True,P301 - P+R Slinge bovendek,316
2020-05-17,21:45,Sun,316,True,P301 - P+R Slinge bovendek,316
2020-05-17,21:46,Sun,316,True,P301 - P+R Slinge bovendek,316
2020-05-17,21:47,Sun,316,True,P301 - P+R Slinge bovendek,316
2020-05-17,21:48,Sun,316,True,P301 - P+R Slinge bovendek,316
2020-05-17,21:49,Sun,316,True,P301 - P+R Slinge bovendek,316
2020-05-17,21:50,Sun,316,True,P301 - P+R Slinge bovendek,316
2020-05-17,21:51,Sun,316,True,P301 - P+R Slinge bovendek,316
2020-05-17,21:52,Sun,316,True,P301 - P+R Slinge bovendek,316
2020-05-17,21:53,Sun,316,True,P301 - P+R Slinge bovendek,316
2020-05-17,21:54,Sun,316,True,P301 - P+R Slinge bovendek,316
2020-05-17,21:55,Sun,316,True,P301 - P+R Slinge bovendek,316
2020-05-17,21:56,Sun,316,True,P301 - P+R Slinge bovendek,316
2020-05-17,21:57,Sun,316,True,P301 - P+R Slinge bovendek,316
2020-05-17,21:58,Sun,316,True,P301 - P+R Slinge bovendek,316
2020-05-17,21:59,Sun,316,True,P301 - P+R Slinge bovendek,316
2020-05-17,22:00,Sun,316,True,P301 - P+R Slinge bovendek,316
2020-05-17,22:01,Sun,316,True,P301 - P+R Slinge bovendek,316
2020-05-17,22:02,Sun,316,True,P301 - P+R Slinge bovendek,316
2020-05-17,22:03,Sun,316,True,P301 - P+R Slinge bovendek,316
2020-05-17,22:04,Sun,316,True,P301 - P+R Slinge bovendek,316
2020-05-17,22:05,Sun,316,True,P301 - P+R Slinge bovendek,316
2020-05-17,22:06,Sun,316,True,P301 - P+R Slinge bovendek,316
2020-05-17,22:07,Sun,316,True,P301 - P+R Slinge bovendek,316
2020-05-17,22:08,Sun,316,True,P301 - P+R Slinge bovendek,316
2020-05-17,22:09,Sun,316,True,P301 - P+R Slinge bovendek,316
2020-05-17,22:10,Sun,316,True,P301 - P+R Slinge bovendek,316
2020-05-17,22:11,Sun,316,True,P301 - P+R Slinge bovendek,316
2020-05-17,22:12,Sun,316,True,P301 - P+R Slinge bovendek,316
2020-05-17,22:13,Sun,316,True,P301 - P+R Slinge bovendek,316
2020-05-17,22:14,Sun,316,True,P301 - P+R Slinge bovendek,316
2020-05-17,22:15,Sun,316,True,P301 - P+R Slinge bovendek,316
2020-05-17,22:16,Sun,316,True,P301 - P+R Slinge bovendek,316
2020-05-17,22:17,Sun,316,True,P301 - P+R Slinge bovendek,316
2020-05-17,22:18,Sun,316,True,P301 - P+R Slinge bovendek,316
2020-05-17,22:19,Sun,316,True,P301 - P+R Slinge bovendek,316
2020-05-17,22:20,Sun,316,True,P301 - P+R Slinge bovendek,316
2020-05-17,22:21,Sun,316,True,P301 - P+R Slinge bovendek,316
2020-05-17,22:22,Sun,316,True,P301 - P+R Slinge bovendek,316
2020-05-17,22:23,Sun,316,True,P301 - P+R Slinge bovendek,316
2020-05-17,22:24,Sun,316,True,P301 - P+R Slinge bovendek,316
2020-05-17,22:25,Sun,316,True,P301 - P+R Slinge bovendek,316
2020-05-17,22:26,Sun,316,True,P301 - P+R Slinge bovendek,316
2020-05-17,22:27,Sun,316,True,P301 - P+R Slinge bovendek,316
2020-05-17,22:28,Sun,316,True,P301 - P+R Slinge bovendek,316
2020-05-17,22:29,Sun,316,True,P301 - P+R Slinge bovendek,316
2020-05-17,22:30,Sun,316,True,P301 - P+R Slinge bovendek,316
2020-05-17,22:31,Sun,316,True,P301 - P+R Slinge bovendek,316
2020-05-17,22:32,Sun,316,True,P301 - P+R Slinge bovendek,316
2020-05-17,22:33,Sun,316,True,P301 - P+R Slinge bovendek,316
2020-05-17,22:34,Sun,316,True,P301 - P+R Slinge bovendek,316
2020-05-17,22:35,Sun,316,True,P301 - P+R Slinge bovendek,316
2020-05-17,22:36,Sun,316,True,P301 - P+R Slinge bovendek,316
2020-05-17,22:37,Sun,316,True,P301 - P+R Slinge bovendek,316
2020-05-17,22:38,Sun,316,True,P301 - P+R Slinge bovendek,316
2020-05-17,22:39,Sun,316,True,P301 - P+R Slinge bovendek,316
2020-05-17,22:40,Sun,316,True,P301 - P+R Slinge bovendek,316
2020-05-17,22:41,Sun,316,True,P301 - P+R Slinge bovendek,316
2020-05-17,22:42,Sun,316,True,P301 - P+R Slinge bovendek,316
2020-05-17,22:43,Sun,316,True,P301 - P+R Slinge bovendek,316
2020-05-17,22:44,Sun,316,True,P301 - P+R Slinge bovendek,316
2020-05-17,22:45,Sun,316,True,P301 - P+R Slinge bovendek,316
2020-05-17,22:46,Sun,316,True,P301 - P+R Slinge bovendek,316
2020-05-17,22:47,Sun,316,True,P301 - P+R Slinge bovendek,316
2020-05-17,22:48,Sun,316,True,P301 - P+R Slinge bovendek,316
2020-05-17,22:49,Sun,316,True,P301 - P+R Slinge bovendek,316
2020-05-17,22:50,Sun,316,True,P301 - P+R Slinge bovendek,316
2020-05-17,22:51,Sun,316,True,P301 - P+R Slinge bovendek,316
2020-05-17,22:52,Sun,316,True,P301 - P+R Slinge bovendek,316
2020-05-17,22:53,Sun,316,True,P301 - P+R Slinge bovendek,316
2020-05-17,22:54,Sun,316,True,P301 - P+R Slinge bovendek,316
2020-05-17,22:55,Sun,316,True,P301 - P+R Slinge bovendek,316
2020-05-17,22:56,Sun,316,True,P301 - P+R Slinge bovendek,316
2020-05-17,22:57,Sun,316,True,P301 - P+R Slinge bovendek,316
2020-05-17,22:58,Sun,316,True,P301 - P+R Slinge bovendek,316
2020-05-17,22:59,Sun,316,True,P301 - P+R Slinge bovendek,316
2020-05-17,23:00,Sun,316,True,P301 - P+R Slinge bovendek,316
2020-05-17,23:01,Sun,316,True,P301 - P+R Slinge bovendek,316
2020-05-17,23:02,Sun,316,True,P301 - P+R Slinge bovendek,316
2020-05-17,23:03,Sun,316,True,P301 - P+R Slinge bovendek,316
2020-05-17,23:04,Sun,316,True,P301 - P+R Slinge bovendek,316
2020-05-17,23:05,Sun,316,True,P301 - P+R Slinge bovendek,316
2020-05-17,23:06,Sun,316,True,P301 - P+R Slinge bovendek,316
2020-05-17,23:07,Sun,316,True,P301 - P+R Slinge bovendek,316
2020-05-17,23:08,Sun,316,True,P301 - P+R Slinge bovendek,316
2020-05-17,23:09,Sun,316,True,P301 - P+R Slinge bovendek,316
2020-05-17,23:10,Sun,316,True,P301 - P+R Slinge bovendek,316
2020-05-17,23:11,Sun,316,True,P301 - P+R Slinge bovendek,316
2020-05-17,23:12,Sun,316,True,P301 - P+R Slinge bovendek,316
2020-05-17,23:13,Sun,316,True,P301 - P+R Slinge bovendek,316
2020-05-17,23:14,Sun,316,True,P301 - P+R Slinge bovendek,316
2020-05-17,23:15,Sun,316,True,P301 - P+R Slinge bovendek,316
2020-05-17,23:16,Sun,316,True,P301 - P+R Slinge bovendek,316
2020-05-17,23:17,Sun,316,True,P301 - P+R Slinge bovendek,316
2020-05-17,23:18,Sun,316,True,P301 - P+R Slinge bovendek,316
2020-05-17,23:19,Sun,316,True,P301 - P+R Slinge bovendek,316
2020-05-17,23:20,Sun,316,True,P301 - P+R Slinge bovendek,316
2020-05-17,23:21,Sun,316,True,P301 - P+R Slinge bovendek,316
2020-05-17,23:22,Sun,316,True,P301 - P+R Slinge bovendek,316
2020-05-17,23:23,Sun,316,True,P301 - P+R Slinge bovendek,316
2020-05-17,23:24,Sun,316,True,P301 - P+R Slinge bovendek,316
2020-05-17,23:25,Sun,316,True,P301 - P+R Slinge bovendek,316
2020-05-17,23:26,Sun,316,True,P301 - P+R Slinge bovendek,316
2020-05-17,23:27,Sun,316,True,P301 - P+R Slinge bovendek,316
2020-05-17,23:28,Sun,316,True,P301 - P+R Slinge bovendek,316
2020-05-17,23:29,Sun,316,True,P301 - P+R Slinge bovendek,316
2020-05-17,23:30,Sun,316,True,P301 - P+R Slinge bovendek,316
2020-05-17,23:31,Sun,316,True,P301 - P+R Slinge bovendek,316
2020-05-17,23:32,Sun,316,True,P301 - P+R Slinge bovendek,316
2020-05-17,23:33,Sun,316,True,P301 - P+R Slinge bovendek,316
2020-05-17,23:34,Sun,316,True,P301 - P+R Slinge bovendek,316
2020-05-17,23:35,Sun,316,True,P301 - P+R Slinge bovendek,316
2020-05-17,23:36,Sun,316,True,P301 - P+R Slinge bovendek,316
2020-05-17,23:37,Sun,316,True,P301 - P+R Slinge bovendek,316
2020-05-17,23:38,Sun,316,True,P301 - P+R Slinge bovendek,316
2020-05-17,23:39,Sun,316,True,P301 - P+R Slinge bovendek,316
2020-05-17,23:40,Sun,316,True,P301 - P+R Slinge bovendek,316
2020-05-17,23:41,Sun,316,True,P301 - P+R Slinge bovendek,316
2020-05-17,23:42,Sun,316,True,P301 - P+R Slinge bovendek,316
2020-05-17,23:43,Sun,316,True,P301 - P+R Slinge bovendek,316
2020-05-17,23:44,Sun,316,True,P301 - P+R Slinge bovendek,316
2020-05-17,23:45,Sun,316,True,P301 - P+R Slinge bovendek,316
2020-05-17,23:46,Sun,316,True,P301 - P+R Slinge bovendek,316
2020-05-17,23:47,Sun,316,True,P301 - P+R Slinge bovendek,316
2020-05-17,23:48,Sun,316,True,P301 - P+R Slinge bovendek,316
2020-05-17,23:49,Sun,316,True,P301 - P+R Slinge bovendek,316
2020-05-17,23:50,Sun,316,True,P301 - P+R Slinge bovendek,316
2020-05-17,23:51,Sun,316,True,P301 - P+R Slinge bovendek,316
2020-05-17,23:52,Sun,316,True,P301 - P+R Slinge bovendek,316
2020-05-17,23:53,Sun,316,True,P301 - P+R Slinge bovendek,316
2020-05-17,23:54,Sun,316,True,P301 - P+R Slinge bovendek,316
2020-05-17,23:55,Sun,316,True,P301 - P+R Slinge bovendek,316
2020-05-17,23:56,Sun,316,True,P301 - P+R Slinge bovendek,316
2020-05-17,23:57,Sun,316,True,P301 - P+R Slinge bovendek,316
2020-05-17,23:58,Sun,316,True,P301 - P+R Slinge bovendek,316
2020-05-17,23:59,Sun,316,True,P301 - P+R Slinge bovendek,316
