2020-10-28,00:00,Wed,371,True,P30 - P+R_Slinge benedendek,390
2020-10-28,00:01,Wed,371,True,P30 - P+R_Slinge benedendek,390
2020-10-28,00:02,Wed,371,True,P30 - P+R_Slinge benedendek,390
2020-10-28,00:03,Wed,371,True,P30 - P+R_Slinge benedendek,390
2020-10-28,00:04,Wed,371,True,P30 - P+R_Slinge benedendek,390
2020-10-28,00:05,Wed,371,True,P30 - P+R_Slinge benedendek,390
2020-10-28,00:06,Wed,371,True,P30 - P+R_Slinge benedendek,390
2020-10-28,00:07,Wed,371,True,P30 - P+R_Slinge benedendek,390
2020-10-28,00:08,Wed,371,True,P30 - P+R_Slinge benedendek,390
2020-10-28,00:09,Wed,371,True,P30 - P+R_Slinge benedendek,390
2020-10-28,00:10,Wed,371,True,P30 - P+R_Slinge benedendek,390
2020-10-28,00:11,Wed,371,True,P30 - P+R_Slinge benedendek,390
2020-10-28,00:12,Wed,371,True,P30 - P+R_Slinge benedendek,390
2020-10-28,00:13,Wed,371,True,P30 - P+R_Slinge benedendek,390
2020-10-28,00:14,Wed,371,True,P30 - P+R_Slinge benedendek,390
2020-10-28,00:15,Wed,371,True,P30 - P+R_Slinge benedendek,390
2020-10-28,00:16,Wed,371,True,P30 - P+R_Slinge benedendek,390
2020-10-28,00:17,Wed,371,True,P30 - P+R_Slinge benedendek,390
2020-10-28,00:18,Wed,371,True,P30 - P+R_Slinge benedendek,390
2020-10-28,00:19,Wed,371,True,P30 - P+R_Slinge benedendek,390
2020-10-28,00:20,Wed,371,True,P30 - P+R_Slinge benedendek,390
2020-10-28,00:21,Wed,371,True,P30 - P+R_Slinge benedendek,390
2020-10-28,00:22,Wed,371,True,P30 - P+R_Slinge benedendek,390
2020-10-28,00:23,Wed,371,True,P30 - P+R_Slinge benedendek,390
2020-10-28,00:24,Wed,371,True,P30 - P+R_Slinge benedendek,390
2020-10-28,00:25,Wed,371,True,P30 - P+R_Slinge benedendek,390
2020-10-28,00:26,Wed,373,True,P30 - P+R_Slinge benedendek,390
2020-10-28,00:27,Wed,373,True,P30 - P+R_Slinge benedendek,390
2020-10-28,00:28,Wed,373,True,P30 - P+R_Slinge benedendek,390
2020-10-28,00:29,Wed,373,True,P30 - P+R_Slinge benedendek,390
2020-10-28,00:30,Wed,373,True,P30 - P+R_Slinge benedendek,390
2020-10-28,00:31,Wed,373,True,P30 - P+R_Slinge benedendek,390
2020-10-28,00:32,Wed,373,True,P30 - P+R_Slinge benedendek,390
2020-10-28,00:33,Wed,373,True,P30 - P+R_Slinge benedendek,390
2020-10-28,00:34,Wed,373,True,P30 - P+R_Slinge benedendek,390
2020-10-28,00:35,Wed,373,True,P30 - P+R_Slinge benedendek,390
2020-10-28,00:36,Wed,373,True,P30 - P+R_Slinge benedendek,390
2020-10-28,00:37,Wed,373,True,P30 - P+R_Slinge benedendek,390
2020-10-28,00:38,Wed,373,True,P30 - P+R_Slinge benedendek,390
2020-10-28,00:39,Wed,373,True,P30 - P+R_Slinge benedendek,390
2020-10-28,00:40,Wed,373,True,P30 - P+R_Slinge benedendek,390
2020-10-28,00:41,Wed,373,True,P30 - P+R_Slinge benedendek,390
2020-10-28,00:42,Wed,373,True,P30 - P+R_Slinge benedendek,390
2020-10-28,00:43,Wed,373,True,P30 - P+R_Slinge benedendek,390
2020-10-28,00:44,Wed,373,True,P30 - P+R_Slinge benedendek,390
2020-10-28,00:45,Wed,373,True,P30 - P+R_Slinge benedendek,390
2020-10-28,00:46,Wed,373,True,P30 - P+R_Slinge benedendek,390
2020-10-28,00:47,Wed,373,True,P30 - P+R_Slinge benedendek,390
2020-10-28,00:48,Wed,373,True,P30 - P+R_Slinge benedendek,390
2020-10-28,00:49,Wed,373,True,P30 - P+R_Slinge benedendek,390
2020-10-28,00:50,Wed,373,True,P30 - P+R_Slinge benedendek,390
2020-10-28,00:51,Wed,373,True,P30 - P+R_Slinge benedendek,390
2020-10-28,00:52,Wed,373,True,P30 - P+R_Slinge benedendek,390
2020-10-28,00:53,Wed,373,True,P30 - P+R_Slinge benedendek,390
2020-10-28,00:54,Wed,373,True,P30 - P+R_Slinge benedendek,390
2020-10-28,00:55,Wed,373,True,P30 - P+R_Slinge benedendek,390
2020-10-28,00:56,Wed,373,True,P30 - P+R_Slinge benedendek,390
2020-10-28,00:57,Wed,373,True,P30 - P+R_Slinge benedendek,390
2020-10-28,00:58,Wed,373,True,P30 - P+R_Slinge benedendek,390
2020-10-28,00:59,Wed,373,True,P30 - P+R_Slinge benedendek,390
2020-10-28,01:00,Wed,373,True,P30 - P+R_Slinge benedendek,390
2020-10-28,01:01,Wed,373,True,P30 - P+R_Slinge benedendek,390
2020-10-28,01:02,Wed,373,True,P30 - P+R_Slinge benedendek,390
2020-10-28,01:03,Wed,373,True,P30 - P+R_Slinge benedendek,390
2020-10-28,01:04,Wed,373,True,P30 - P+R_Slinge benedendek,390
2020-10-28,01:05,Wed,373,True,P30 - P+R_Slinge benedendek,390
2020-10-28,01:06,Wed,373,True,P30 - P+R_Slinge benedendek,390
2020-10-28,01:07,Wed,373,True,P30 - P+R_Slinge benedendek,390
2020-10-28,01:08,Wed,373,True,P30 - P+R_Slinge benedendek,390
2020-10-28,01:09,Wed,373,True,P30 - P+R_Slinge benedendek,390
2020-10-28,01:10,Wed,373,True,P30 - P+R_Slinge benedendek,390
2020-10-28,01:11,Wed,373,True,P30 - P+R_Slinge benedendek,390
2020-10-28,01:12,Wed,373,True,P30 - P+R_Slinge benedendek,390
2020-10-28,01:13,Wed,373,True,P30 - P+R_Slinge benedendek,390
2020-10-28,01:14,Wed,373,True,P30 - P+R_Slinge benedendek,390
2020-10-28,01:15,Wed,373,True,P30 - P+R_Slinge benedendek,390
2020-10-28,01:16,Wed,373,True,P30 - P+R_Slinge benedendek,390
2020-10-28,01:17,Wed,373,True,P30 - P+R_Slinge benedendek,390
2020-10-28,01:18,Wed,373,True,P30 - P+R_Slinge benedendek,390
2020-10-28,01:19,Wed,373,True,P30 - P+R_Slinge benedendek,390
2020-10-28,01:20,Wed,373,True,P30 - P+R_Slinge benedendek,390
2020-10-28,01:21,Wed,373,True,P30 - P+R_Slinge benedendek,390
2020-10-28,01:22,Wed,373,True,P30 - P+R_Slinge benedendek,390
2020-10-28,01:23,Wed,373,True,P30 - P+R_Slinge benedendek,390
2020-10-28,01:24,Wed,373,True,P30 - P+R_Slinge benedendek,390
2020-10-28,01:25,Wed,373,True,P30 - P+R_Slinge benedendek,390
2020-10-28,01:26,Wed,373,True,P30 - P+R_Slinge benedendek,390
2020-10-28,01:27,Wed,373,True,P30 - P+R_Slinge benedendek,390
2020-10-28,01:28,Wed,373,True,P30 - P+R_Slinge benedendek,390
2020-10-28,01:29,Wed,373,True,P30 - P+R_Slinge benedendek,390
2020-10-28,01:30,Wed,373,True,P30 - P+R_Slinge benedendek,390
2020-10-28,01:31,Wed,373,True,P30 - P+R_Slinge benedendek,390
2020-10-28,01:32,Wed,373,True,P30 - P+R_Slinge benedendek,390
2020-10-28,01:33,Wed,373,True,P30 - P+R_Slinge benedendek,390
2020-10-28,01:34,Wed,373,True,P30 - P+R_Slinge benedendek,390
2020-10-28,01:35,Wed,373,True,P30 - P+R_Slinge benedendek,390
2020-10-28,01:36,Wed,373,True,P30 - P+R_Slinge benedendek,390
2020-10-28,01:37,Wed,373,True,P30 - P+R_Slinge benedendek,390
2020-10-28,01:38,Wed,373,True,P30 - P+R_Slinge benedendek,390
2020-10-28,01:39,Wed,373,True,P30 - P+R_Slinge benedendek,390
2020-10-28,01:40,Wed,373,True,P30 - P+R_Slinge benedendek,390
2020-10-28,01:41,Wed,373,True,P30 - P+R_Slinge benedendek,390
2020-10-28,01:42,Wed,373,True,P30 - P+R_Slinge benedendek,390
2020-10-28,01:43,Wed,373,True,P30 - P+R_Slinge benedendek,390
2020-10-28,01:44,Wed,373,True,P30 - P+R_Slinge benedendek,390
2020-10-28,01:45,Wed,373,True,P30 - P+R_Slinge benedendek,390
2020-10-28,01:46,Wed,373,True,P30 - P+R_Slinge benedendek,390
2020-10-28,01:47,Wed,373,True,P30 - P+R_Slinge benedendek,390
2020-10-28,01:48,Wed,373,True,P30 - P+R_Slinge benedendek,390
2020-10-28,01:49,Wed,373,True,P30 - P+R_Slinge benedendek,390
2020-10-28,01:50,Wed,373,True,P30 - P+R_Slinge benedendek,390
2020-10-28,01:51,Wed,373,True,P30 - P+R_Slinge benedendek,390
2020-10-28,01:52,Wed,373,True,P30 - P+R_Slinge benedendek,390
2020-10-28,01:53,Wed,373,True,P30 - P+R_Slinge benedendek,390
2020-10-28,01:54,Wed,373,True,P30 - P+R_Slinge benedendek,390
2020-10-28,01:55,Wed,373,True,P30 - P+R_Slinge benedendek,390
2020-10-28,01:56,Wed,373,True,P30 - P+R_Slinge benedendek,390
2020-10-28,01:57,Wed,373,True,P30 - P+R_Slinge benedendek,390
2020-10-28,01:58,Wed,373,True,P30 - P+R_Slinge benedendek,390
2020-10-28,01:59,Wed,373,True,P30 - P+R_Slinge benedendek,390
2020-10-28,02:00,Wed,373,True,P30 - P+R_Slinge benedendek,390
2020-10-28,02:01,Wed,373,True,P30 - P+R_Slinge benedendek,390
2020-10-28,02:02,Wed,373,True,P30 - P+R_Slinge benedendek,390
2020-10-28,02:03,Wed,373,True,P30 - P+R_Slinge benedendek,390
2020-10-28,02:04,Wed,373,True,P30 - P+R_Slinge benedendek,390
2020-10-28,02:05,Wed,373,True,P30 - P+R_Slinge benedendek,390
2020-10-28,02:06,Wed,373,True,P30 - P+R_Slinge benedendek,390
2020-10-28,02:07,Wed,373,True,P30 - P+R_Slinge benedendek,390
2020-10-28,02:08,Wed,373,True,P30 - P+R_Slinge benedendek,390
2020-10-28,02:09,Wed,373,True,P30 - P+R_Slinge benedendek,390
2020-10-28,02:10,Wed,373,True,P30 - P+R_Slinge benedendek,390
2020-10-28,02:11,Wed,373,True,P30 - P+R_Slinge benedendek,390
2020-10-28,02:12,Wed,373,True,P30 - P+R_Slinge benedendek,390
2020-10-28,02:13,Wed,373,True,P30 - P+R_Slinge benedendek,390
2020-10-28,02:14,Wed,373,True,P30 - P+R_Slinge benedendek,390
2020-10-28,02:15,Wed,373,True,P30 - P+R_Slinge benedendek,390
2020-10-28,02:16,Wed,373,True,P30 - P+R_Slinge benedendek,390
2020-10-28,02:17,Wed,373,True,P30 - P+R_Slinge benedendek,390
2020-10-28,02:18,Wed,373,True,P30 - P+R_Slinge benedendek,390
2020-10-28,02:19,Wed,373,True,P30 - P+R_Slinge benedendek,390
2020-10-28,02:20,Wed,373,True,P30 - P+R_Slinge benedendek,390
2020-10-28,02:21,Wed,373,True,P30 - P+R_Slinge benedendek,390
2020-10-28,02:22,Wed,373,True,P30 - P+R_Slinge benedendek,390
2020-10-28,02:23,Wed,373,True,P30 - P+R_Slinge benedendek,390
2020-10-28,02:24,Wed,373,True,P30 - P+R_Slinge benedendek,390
2020-10-28,02:25,Wed,373,True,P30 - P+R_Slinge benedendek,390
2020-10-28,02:26,Wed,373,True,P30 - P+R_Slinge benedendek,390
2020-10-28,02:27,Wed,373,True,P30 - P+R_Slinge benedendek,390
2020-10-28,02:28,Wed,373,True,P30 - P+R_Slinge benedendek,390
2020-10-28,02:29,Wed,373,True,P30 - P+R_Slinge benedendek,390
2020-10-28,02:30,Wed,373,True,P30 - P+R_Slinge benedendek,390
2020-10-28,02:31,Wed,373,True,P30 - P+R_Slinge benedendek,390
2020-10-28,02:32,Wed,373,True,P30 - P+R_Slinge benedendek,390
2020-10-28,02:33,Wed,373,True,P30 - P+R_Slinge benedendek,390
2020-10-28,02:34,Wed,373,True,P30 - P+R_Slinge benedendek,390
2020-10-28,02:35,Wed,373,True,P30 - P+R_Slinge benedendek,390
2020-10-28,02:36,Wed,373,True,P30 - P+R_Slinge benedendek,390
2020-10-28,02:37,Wed,373,True,P30 - P+R_Slinge benedendek,390
2020-10-28,02:38,Wed,373,True,P30 - P+R_Slinge benedendek,390
2020-10-28,02:39,Wed,373,True,P30 - P+R_Slinge benedendek,390
2020-10-28,02:40,Wed,373,True,P30 - P+R_Slinge benedendek,390
2020-10-28,02:41,Wed,373,True,P30 - P+R_Slinge benedendek,390
2020-10-28,02:42,Wed,373,True,P30 - P+R_Slinge benedendek,390
2020-10-28,02:43,Wed,373,True,P30 - P+R_Slinge benedendek,390
2020-10-28,02:44,Wed,373,True,P30 - P+R_Slinge benedendek,390
2020-10-28,02:45,Wed,373,True,P30 - P+R_Slinge benedendek,390
2020-10-28,02:46,Wed,373,True,P30 - P+R_Slinge benedendek,390
2020-10-28,02:47,Wed,373,True,P30 - P+R_Slinge benedendek,390
2020-10-28,02:48,Wed,373,True,P30 - P+R_Slinge benedendek,390
2020-10-28,02:49,Wed,373,True,P30 - P+R_Slinge benedendek,390
2020-10-28,02:50,Wed,373,True,P30 - P+R_Slinge benedendek,390
2020-10-28,02:51,Wed,373,True,P30 - P+R_Slinge benedendek,390
2020-10-28,02:52,Wed,373,True,P30 - P+R_Slinge benedendek,390
2020-10-28,02:53,Wed,373,True,P30 - P+R_Slinge benedendek,390
2020-10-28,02:54,Wed,373,True,P30 - P+R_Slinge benedendek,390
2020-10-28,02:55,Wed,373,True,P30 - P+R_Slinge benedendek,390
2020-10-28,02:56,Wed,373,True,P30 - P+R_Slinge benedendek,390
2020-10-28,02:57,Wed,373,True,P30 - P+R_Slinge benedendek,390
2020-10-28,02:58,Wed,373,True,P30 - P+R_Slinge benedendek,390
2020-10-28,02:59,Wed,373,True,P30 - P+R_Slinge benedendek,390
2020-10-28,03:00,Wed,373,True,P30 - P+R_Slinge benedendek,390
2020-10-28,03:01,Wed,373,True,P30 - P+R_Slinge benedendek,390
2020-10-28,03:02,Wed,373,True,P30 - P+R_Slinge benedendek,390
2020-10-28,03:03,Wed,373,True,P30 - P+R_Slinge benedendek,390
2020-10-28,03:04,Wed,373,True,P30 - P+R_Slinge benedendek,390
2020-10-28,03:05,Wed,373,True,P30 - P+R_Slinge benedendek,390
2020-10-28,03:06,Wed,373,True,P30 - P+R_Slinge benedendek,390
2020-10-28,03:07,Wed,373,True,P30 - P+R_Slinge benedendek,390
2020-10-28,03:08,Wed,373,True,P30 - P+R_Slinge benedendek,390
2020-10-28,03:09,Wed,373,True,P30 - P+R_Slinge benedendek,390
2020-10-28,03:10,Wed,373,True,P30 - P+R_Slinge benedendek,390
2020-10-28,03:11,Wed,373,True,P30 - P+R_Slinge benedendek,390
2020-10-28,03:12,Wed,373,True,P30 - P+R_Slinge benedendek,390
2020-10-28,03:13,Wed,373,True,P30 - P+R_Slinge benedendek,390
2020-10-28,03:14,Wed,373,True,P30 - P+R_Slinge benedendek,390
2020-10-28,03:15,Wed,373,True,P30 - P+R_Slinge benedendek,390
2020-10-28,03:16,Wed,373,True,P30 - P+R_Slinge benedendek,390
2020-10-28,03:17,Wed,373,True,P30 - P+R_Slinge benedendek,390
2020-10-28,03:18,Wed,373,True,P30 - P+R_Slinge benedendek,390
2020-10-28,03:19,Wed,373,True,P30 - P+R_Slinge benedendek,390
2020-10-28,03:20,Wed,373,True,P30 - P+R_Slinge benedendek,390
2020-10-28,03:21,Wed,373,True,P30 - P+R_Slinge benedendek,390
2020-10-28,03:22,Wed,373,True,P30 - P+R_Slinge benedendek,390
2020-10-28,03:23,Wed,373,True,P30 - P+R_Slinge benedendek,390
2020-10-28,03:24,Wed,373,True,P30 - P+R_Slinge benedendek,390
2020-10-28,03:25,Wed,373,True,P30 - P+R_Slinge benedendek,390
2020-10-28,03:26,Wed,373,True,P30 - P+R_Slinge benedendek,390
2020-10-28,03:27,Wed,373,True,P30 - P+R_Slinge benedendek,390
2020-10-28,03:28,Wed,373,True,P30 - P+R_Slinge benedendek,390
2020-10-28,03:29,Wed,373,True,P30 - P+R_Slinge benedendek,390
2020-10-28,03:30,Wed,373,True,P30 - P+R_Slinge benedendek,390
2020-10-28,03:31,Wed,373,True,P30 - P+R_Slinge benedendek,390
2020-10-28,03:32,Wed,373,True,P30 - P+R_Slinge benedendek,390
2020-10-28,03:33,Wed,373,True,P30 - P+R_Slinge benedendek,390
2020-10-28,03:34,Wed,373,True,P30 - P+R_Slinge benedendek,390
2020-10-28,03:35,Wed,373,True,P30 - P+R_Slinge benedendek,390
2020-10-28,03:36,Wed,373,True,P30 - P+R_Slinge benedendek,390
2020-10-28,03:37,Wed,373,True,P30 - P+R_Slinge benedendek,390
2020-10-28,03:38,Wed,373,True,P30 - P+R_Slinge benedendek,390
2020-10-28,03:39,Wed,373,True,P30 - P+R_Slinge benedendek,390
2020-10-28,03:40,Wed,373,True,P30 - P+R_Slinge benedendek,390
2020-10-28,03:41,Wed,373,True,P30 - P+R_Slinge benedendek,390
2020-10-28,03:42,Wed,373,True,P30 - P+R_Slinge benedendek,390
2020-10-28,03:43,Wed,373,True,P30 - P+R_Slinge benedendek,390
2020-10-28,03:44,Wed,373,True,P30 - P+R_Slinge benedendek,390
2020-10-28,03:45,Wed,373,True,P30 - P+R_Slinge benedendek,390
2020-10-28,03:46,Wed,373,True,P30 - P+R_Slinge benedendek,390
2020-10-28,03:47,Wed,373,True,P30 - P+R_Slinge benedendek,390
2020-10-28,03:48,Wed,373,True,P30 - P+R_Slinge benedendek,390
2020-10-28,03:49,Wed,373,True,P30 - P+R_Slinge benedendek,390
2020-10-28,03:50,Wed,373,True,P30 - P+R_Slinge benedendek,390
2020-10-28,03:51,Wed,373,True,P30 - P+R_Slinge benedendek,390
2020-10-28,03:52,Wed,373,True,P30 - P+R_Slinge benedendek,390
2020-10-28,03:53,Wed,373,True,P30 - P+R_Slinge benedendek,390
2020-10-28,03:54,Wed,373,True,P30 - P+R_Slinge benedendek,390
2020-10-28,03:55,Wed,373,True,P30 - P+R_Slinge benedendek,390
2020-10-28,03:56,Wed,373,True,P30 - P+R_Slinge benedendek,390
2020-10-28,03:57,Wed,373,True,P30 - P+R_Slinge benedendek,390
2020-10-28,03:58,Wed,373,True,P30 - P+R_Slinge benedendek,390
2020-10-28,03:59,Wed,373,True,P30 - P+R_Slinge benedendek,390
2020-10-28,04:00,Wed,373,True,P30 - P+R_Slinge benedendek,390
2020-10-28,04:01,Wed,373,True,P30 - P+R_Slinge benedendek,390
2020-10-28,04:02,Wed,373,True,P30 - P+R_Slinge benedendek,390
2020-10-28,04:03,Wed,373,True,P30 - P+R_Slinge benedendek,390
2020-10-28,04:04,Wed,373,True,P30 - P+R_Slinge benedendek,390
2020-10-28,04:05,Wed,373,True,P30 - P+R_Slinge benedendek,390
2020-10-28,04:06,Wed,373,True,P30 - P+R_Slinge benedendek,390
2020-10-28,04:07,Wed,373,True,P30 - P+R_Slinge benedendek,390
2020-10-28,04:08,Wed,373,True,P30 - P+R_Slinge benedendek,390
2020-10-28,04:09,Wed,373,True,P30 - P+R_Slinge benedendek,390
2020-10-28,04:10,Wed,373,True,P30 - P+R_Slinge benedendek,390
2020-10-28,04:11,Wed,373,True,P30 - P+R_Slinge benedendek,390
2020-10-28,04:12,Wed,373,True,P30 - P+R_Slinge benedendek,390
2020-10-28,04:13,Wed,373,True,P30 - P+R_Slinge benedendek,390
2020-10-28,04:14,Wed,373,True,P30 - P+R_Slinge benedendek,390
2020-10-28,04:15,Wed,373,True,P30 - P+R_Slinge benedendek,390
2020-10-28,04:16,Wed,373,True,P30 - P+R_Slinge benedendek,390
2020-10-28,04:17,Wed,373,True,P30 - P+R_Slinge benedendek,390
2020-10-28,04:18,Wed,373,True,P30 - P+R_Slinge benedendek,390
2020-10-28,04:19,Wed,373,True,P30 - P+R_Slinge benedendek,390
2020-10-28,04:20,Wed,373,True,P30 - P+R_Slinge benedendek,390
2020-10-28,04:21,Wed,373,True,P30 - P+R_Slinge benedendek,390
2020-10-28,04:22,Wed,373,True,P30 - P+R_Slinge benedendek,390
2020-10-28,04:23,Wed,373,True,P30 - P+R_Slinge benedendek,390
2020-10-28,04:24,Wed,373,True,P30 - P+R_Slinge benedendek,390
2020-10-28,04:25,Wed,373,True,P30 - P+R_Slinge benedendek,390
2020-10-28,04:26,Wed,373,True,P30 - P+R_Slinge benedendek,390
2020-10-28,04:27,Wed,373,True,P30 - P+R_Slinge benedendek,390
2020-10-28,04:28,Wed,373,True,P30 - P+R_Slinge benedendek,390
2020-10-28,04:29,Wed,373,True,P30 - P+R_Slinge benedendek,390
2020-10-28,04:30,Wed,373,True,P30 - P+R_Slinge benedendek,390
2020-10-28,04:31,Wed,373,True,P30 - P+R_Slinge benedendek,390
2020-10-28,04:32,Wed,373,True,P30 - P+R_Slinge benedendek,390
2020-10-28,04:33,Wed,373,True,P30 - P+R_Slinge benedendek,390
2020-10-28,04:34,Wed,373,True,P30 - P+R_Slinge benedendek,390
2020-10-28,04:35,Wed,373,True,P30 - P+R_Slinge benedendek,390
2020-10-28,04:36,Wed,373,True,P30 - P+R_Slinge benedendek,390
2020-10-28,04:37,Wed,373,True,P30 - P+R_Slinge benedendek,390
2020-10-28,04:38,Wed,373,True,P30 - P+R_Slinge benedendek,390
2020-10-28,04:39,Wed,373,True,P30 - P+R_Slinge benedendek,390
2020-10-28,04:40,Wed,373,True,P30 - P+R_Slinge benedendek,390
2020-10-28,04:41,Wed,373,True,P30 - P+R_Slinge benedendek,390
2020-10-28,04:42,Wed,373,True,P30 - P+R_Slinge benedendek,390
2020-10-28,04:43,Wed,373,True,P30 - P+R_Slinge benedendek,390
2020-10-28,04:44,Wed,372,True,P30 - P+R_Slinge benedendek,390
2020-10-28,04:45,Wed,372,True,P30 - P+R_Slinge benedendek,390
2020-10-28,04:46,Wed,372,True,P30 - P+R_Slinge benedendek,390
2020-10-28,04:47,Wed,372,True,P30 - P+R_Slinge benedendek,390
2020-10-28,04:48,Wed,372,True,P30 - P+R_Slinge benedendek,390
2020-10-28,04:49,Wed,372,True,P30 - P+R_Slinge benedendek,390
2020-10-28,04:50,Wed,372,True,P30 - P+R_Slinge benedendek,390
2020-10-28,04:51,Wed,372,True,P30 - P+R_Slinge benedendek,390
2020-10-28,04:52,Wed,372,True,P30 - P+R_Slinge benedendek,390
2020-10-28,04:53,Wed,372,True,P30 - P+R_Slinge benedendek,390
2020-10-28,04:54,Wed,372,True,P30 - P+R_Slinge benedendek,390
2020-10-28,04:55,Wed,372,True,P30 - P+R_Slinge benedendek,390
2020-10-28,04:56,Wed,372,True,P30 - P+R_Slinge benedendek,390
2020-10-28,04:57,Wed,372,True,P30 - P+R_Slinge benedendek,390
2020-10-28,04:58,Wed,372,True,P30 - P+R_Slinge benedendek,390
2020-10-28,04:59,Wed,372,True,P30 - P+R_Slinge benedendek,390
2020-10-28,05:00,Wed,372,True,P30 - P+R_Slinge benedendek,390
2020-10-28,05:01,Wed,372,True,P30 - P+R_Slinge benedendek,390
2020-10-28,05:02,Wed,372,True,P30 - P+R_Slinge benedendek,390
2020-10-28,05:03,Wed,372,True,P30 - P+R_Slinge benedendek,390
2020-10-28,05:04,Wed,372,True,P30 - P+R_Slinge benedendek,390
2020-10-28,05:05,Wed,372,True,P30 - P+R_Slinge benedendek,390
2020-10-28,05:06,Wed,372,True,P30 - P+R_Slinge benedendek,390
2020-10-28,05:07,Wed,372,True,P30 - P+R_Slinge benedendek,390
2020-10-28,05:08,Wed,372,True,P30 - P+R_Slinge benedendek,390
2020-10-28,05:09,Wed,372,True,P30 - P+R_Slinge benedendek,390
2020-10-28,05:10,Wed,372,True,P30 - P+R_Slinge benedendek,390
2020-10-28,05:11,Wed,372,True,P30 - P+R_Slinge benedendek,390
2020-10-28,05:12,Wed,372,True,P30 - P+R_Slinge benedendek,390
2020-10-28,05:13,Wed,372,True,P30 - P+R_Slinge benedendek,390
2020-10-28,05:14,Wed,372,True,P30 - P+R_Slinge benedendek,390
2020-10-28,05:15,Wed,372,True,P30 - P+R_Slinge benedendek,390
2020-10-28,05:16,Wed,372,True,P30 - P+R_Slinge benedendek,390
2020-10-28,05:17,Wed,372,True,P30 - P+R_Slinge benedendek,390
2020-10-28,05:18,Wed,372,True,P30 - P+R_Slinge benedendek,390
2020-10-28,05:19,Wed,372,True,P30 - P+R_Slinge benedendek,390
2020-10-28,05:20,Wed,372,True,P30 - P+R_Slinge benedendek,390
2020-10-28,05:21,Wed,372,True,P30 - P+R_Slinge benedendek,390
2020-10-28,05:22,Wed,372,True,P30 - P+R_Slinge benedendek,390
2020-10-28,05:23,Wed,372,True,P30 - P+R_Slinge benedendek,390
2020-10-28,05:24,Wed,372,True,P30 - P+R_Slinge benedendek,390
2020-10-28,05:25,Wed,372,True,P30 - P+R_Slinge benedendek,390
2020-10-28,05:26,Wed,372,True,P30 - P+R_Slinge benedendek,390
2020-10-28,05:27,Wed,372,True,P30 - P+R_Slinge benedendek,390
2020-10-28,05:28,Wed,372,True,P30 - P+R_Slinge benedendek,390
2020-10-28,05:29,Wed,372,True,P30 - P+R_Slinge benedendek,390
2020-10-28,05:30,Wed,371,True,P30 - P+R_Slinge benedendek,390
2020-10-28,05:31,Wed,371,True,P30 - P+R_Slinge benedendek,390
2020-10-28,05:32,Wed,371,True,P30 - P+R_Slinge benedendek,390
2020-10-28,05:33,Wed,371,True,P30 - P+R_Slinge benedendek,390
2020-10-28,05:34,Wed,371,True,P30 - P+R_Slinge benedendek,390
2020-10-28,05:35,Wed,370,True,P30 - P+R_Slinge benedendek,390
2020-10-28,05:36,Wed,369,True,P30 - P+R_Slinge benedendek,390
2020-10-28,05:37,Wed,369,True,P30 - P+R_Slinge benedendek,390
2020-10-28,05:38,Wed,369,True,P30 - P+R_Slinge benedendek,390
2020-10-28,05:39,Wed,369,True,P30 - P+R_Slinge benedendek,390
2020-10-28,05:40,Wed,369,True,P30 - P+R_Slinge benedendek,390
2020-10-28,05:41,Wed,369,True,P30 - P+R_Slinge benedendek,390
2020-10-28,05:42,Wed,369,True,P30 - P+R_Slinge benedendek,390
2020-10-28,05:43,Wed,369,True,P30 - P+R_Slinge benedendek,390
2020-10-28,05:44,Wed,369,True,P30 - P+R_Slinge benedendek,390
2020-10-28,05:45,Wed,369,True,P30 - P+R_Slinge benedendek,390
2020-10-28,05:46,Wed,369,True,P30 - P+R_Slinge benedendek,390
2020-10-28,05:47,Wed,369,True,P30 - P+R_Slinge benedendek,390
2020-10-28,05:48,Wed,369,True,P30 - P+R_Slinge benedendek,390
2020-10-28,05:49,Wed,369,True,P30 - P+R_Slinge benedendek,390
2020-10-28,05:50,Wed,369,True,P30 - P+R_Slinge benedendek,390
2020-10-28,05:51,Wed,369,True,P30 - P+R_Slinge benedendek,390
2020-10-28,05:52,Wed,369,True,P30 - P+R_Slinge benedendek,390
2020-10-28,05:53,Wed,369,True,P30 - P+R_Slinge benedendek,390
2020-10-28,05:54,Wed,368,True,P30 - P+R_Slinge benedendek,390
2020-10-28,05:55,Wed,368,True,P30 - P+R_Slinge benedendek,390
2020-10-28,05:56,Wed,368,True,P30 - P+R_Slinge benedendek,390
2020-10-28,05:57,Wed,368,True,P30 - P+R_Slinge benedendek,390
2020-10-28,05:58,Wed,368,True,P30 - P+R_Slinge benedendek,390
2020-10-28,05:59,Wed,368,True,P30 - P+R_Slinge benedendek,390
2020-10-28,06:00,Wed,368,True,P30 - P+R_Slinge benedendek,390
2020-10-28,06:01,Wed,368,True,P30 - P+R_Slinge benedendek,390
2020-10-28,06:02,Wed,368,True,P30 - P+R_Slinge benedendek,390
2020-10-28,06:03,Wed,367,True,P30 - P+R_Slinge benedendek,390
2020-10-28,06:04,Wed,367,True,P30 - P+R_Slinge benedendek,390
2020-10-28,06:05,Wed,367,True,P30 - P+R_Slinge benedendek,390
2020-10-28,06:06,Wed,366,True,P30 - P+R_Slinge benedendek,390
2020-10-28,06:07,Wed,366,True,P30 - P+R_Slinge benedendek,390
2020-10-28,06:08,Wed,366,True,P30 - P+R_Slinge benedendek,390
2020-10-28,06:09,Wed,366,True,P30 - P+R_Slinge benedendek,390
2020-10-28,06:10,Wed,365,True,P30 - P+R_Slinge benedendek,390
2020-10-28,06:11,Wed,365,True,P30 - P+R_Slinge benedendek,390
2020-10-28,06:12,Wed,365,True,P30 - P+R_Slinge benedendek,390
2020-10-28,06:13,Wed,365,True,P30 - P+R_Slinge benedendek,390
2020-10-28,06:14,Wed,365,True,P30 - P+R_Slinge benedendek,390
2020-10-28,06:15,Wed,365,True,P30 - P+R_Slinge benedendek,390
2020-10-28,06:16,Wed,365,True,P30 - P+R_Slinge benedendek,390
2020-10-28,06:17,Wed,365,True,P30 - P+R_Slinge benedendek,390
2020-10-28,06:18,Wed,365,True,P30 - P+R_Slinge benedendek,390
2020-10-28,06:19,Wed,365,True,P30 - P+R_Slinge benedendek,390
2020-10-28,06:20,Wed,365,True,P30 - P+R_Slinge benedendek,390
2020-10-28,06:21,Wed,365,True,P30 - P+R_Slinge benedendek,390
2020-10-28,06:22,Wed,364,True,P30 - P+R_Slinge benedendek,390
2020-10-28,06:23,Wed,363,True,P30 - P+R_Slinge benedendek,390
2020-10-28,06:24,Wed,363,True,P30 - P+R_Slinge benedendek,390
2020-10-28,06:25,Wed,363,True,P30 - P+R_Slinge benedendek,390
2020-10-28,06:26,Wed,362,True,P30 - P+R_Slinge benedendek,390
2020-10-28,06:27,Wed,360,True,P30 - P+R_Slinge benedendek,390
2020-10-28,06:28,Wed,359,True,P30 - P+R_Slinge benedendek,390
2020-10-28,06:29,Wed,359,True,P30 - P+R_Slinge benedendek,390
2020-10-28,06:30,Wed,359,True,P30 - P+R_Slinge benedendek,390
2020-10-28,06:31,Wed,358,True,P30 - P+R_Slinge benedendek,390
2020-10-28,06:32,Wed,357,True,P30 - P+R_Slinge benedendek,390
2020-10-28,06:33,Wed,357,True,P30 - P+R_Slinge benedendek,390
2020-10-28,06:34,Wed,357,True,P30 - P+R_Slinge benedendek,390
2020-10-28,06:35,Wed,357,True,P30 - P+R_Slinge benedendek,390
2020-10-28,06:36,Wed,354,True,P30 - P+R_Slinge benedendek,390
2020-10-28,06:37,Wed,353,True,P30 - P+R_Slinge benedendek,390
2020-10-28,06:38,Wed,352,True,P30 - P+R_Slinge benedendek,390
2020-10-28,06:39,Wed,352,True,P30 - P+R_Slinge benedendek,390
2020-10-28,06:40,Wed,352,True,P30 - P+R_Slinge benedendek,390
2020-10-28,06:41,Wed,352,True,P30 - P+R_Slinge benedendek,390
2020-10-28,06:42,Wed,352,True,P30 - P+R_Slinge benedendek,390
2020-10-28,06:43,Wed,352,True,P30 - P+R_Slinge benedendek,390
2020-10-28,06:44,Wed,352,True,P30 - P+R_Slinge benedendek,390
2020-10-28,06:45,Wed,352,True,P30 - P+R_Slinge benedendek,390
2020-10-28,06:46,Wed,350,True,P30 - P+R_Slinge benedendek,390
2020-10-28,06:47,Wed,349,True,P30 - P+R_Slinge benedendek,390
2020-10-28,06:48,Wed,349,True,P30 - P+R_Slinge benedendek,390
2020-10-28,06:49,Wed,349,True,P30 - P+R_Slinge benedendek,390
2020-10-28,06:50,Wed,348,True,P30 - P+R_Slinge benedendek,390
2020-10-28,06:51,Wed,348,True,P30 - P+R_Slinge benedendek,390
2020-10-28,06:52,Wed,347,True,P30 - P+R_Slinge benedendek,390
2020-10-28,06:53,Wed,347,True,P30 - P+R_Slinge benedendek,390
2020-10-28,06:54,Wed,347,True,P30 - P+R_Slinge benedendek,390
2020-10-28,06:55,Wed,345,True,P30 - P+R_Slinge benedendek,390
2020-10-28,06:56,Wed,345,True,P30 - P+R_Slinge benedendek,390
2020-10-28,06:57,Wed,345,True,P30 - P+R_Slinge benedendek,390
2020-10-28,06:58,Wed,345,True,P30 - P+R_Slinge benedendek,390
2020-10-28,06:59,Wed,344,True,P30 - P+R_Slinge benedendek,390
2020-10-28,07:00,Wed,344,True,P30 - P+R_Slinge benedendek,390
2020-10-28,07:01,Wed,344,True,P30 - P+R_Slinge benedendek,390
2020-10-28,07:02,Wed,341,True,P30 - P+R_Slinge benedendek,390
2020-10-28,07:03,Wed,339,True,P30 - P+R_Slinge benedendek,390
2020-10-28,07:04,Wed,338,True,P30 - P+R_Slinge benedendek,390
2020-10-28,07:05,Wed,337,True,P30 - P+R_Slinge benedendek,390
2020-10-28,07:06,Wed,337,True,P30 - P+R_Slinge benedendek,390
2020-10-28,07:07,Wed,336,True,P30 - P+R_Slinge benedendek,390
2020-10-28,07:08,Wed,336,True,P30 - P+R_Slinge benedendek,390
2020-10-28,07:09,Wed,336,True,P30 - P+R_Slinge benedendek,390
2020-10-28,07:10,Wed,336,True,P30 - P+R_Slinge benedendek,390
2020-10-28,07:11,Wed,335,True,P30 - P+R_Slinge benedendek,390
2020-10-28,07:12,Wed,334,True,P30 - P+R_Slinge benedendek,390
2020-10-28,07:13,Wed,333,True,P30 - P+R_Slinge benedendek,390
2020-10-28,07:14,Wed,332,True,P30 - P+R_Slinge benedendek,390
2020-10-28,07:15,Wed,332,True,P30 - P+R_Slinge benedendek,390
2020-10-28,07:16,Wed,332,True,P30 - P+R_Slinge benedendek,390
2020-10-28,07:17,Wed,331,True,P30 - P+R_Slinge benedendek,390
2020-10-28,07:18,Wed,331,True,P30 - P+R_Slinge benedendek,390
2020-10-28,07:19,Wed,330,True,P30 - P+R_Slinge benedendek,390
2020-10-28,07:20,Wed,329,True,P30 - P+R_Slinge benedendek,390
2020-10-28,07:21,Wed,329,True,P30 - P+R_Slinge benedendek,390
2020-10-28,07:22,Wed,328,True,P30 - P+R_Slinge benedendek,390
2020-10-28,07:23,Wed,328,True,P30 - P+R_Slinge benedendek,390
2020-10-28,07:24,Wed,328,True,P30 - P+R_Slinge benedendek,390
2020-10-28,07:25,Wed,328,True,P30 - P+R_Slinge benedendek,390
2020-10-28,07:26,Wed,327,True,P30 - P+R_Slinge benedendek,390
2020-10-28,07:27,Wed,327,True,P30 - P+R_Slinge benedendek,390
2020-10-28,07:28,Wed,327,True,P30 - P+R_Slinge benedendek,390
2020-10-28,07:29,Wed,324,True,P30 - P+R_Slinge benedendek,390
2020-10-28,07:30,Wed,322,True,P30 - P+R_Slinge benedendek,390
2020-10-28,07:31,Wed,319,True,P30 - P+R_Slinge benedendek,390
2020-10-28,07:32,Wed,318,True,P30 - P+R_Slinge benedendek,390
2020-10-28,07:33,Wed,315,True,P30 - P+R_Slinge benedendek,390
2020-10-28,07:34,Wed,314,True,P30 - P+R_Slinge benedendek,390
2020-10-28,07:35,Wed,314,True,P30 - P+R_Slinge benedendek,390
2020-10-28,07:36,Wed,314,True,P30 - P+R_Slinge benedendek,390
2020-10-28,07:37,Wed,314,True,P30 - P+R_Slinge benedendek,390
2020-10-28,07:38,Wed,313,True,P30 - P+R_Slinge benedendek,390
2020-10-28,07:39,Wed,310,True,P30 - P+R_Slinge benedendek,390
2020-10-28,07:40,Wed,308,True,P30 - P+R_Slinge benedendek,390
2020-10-28,07:41,Wed,308,True,P30 - P+R_Slinge benedendek,390
2020-10-28,07:42,Wed,306,True,P30 - P+R_Slinge benedendek,390
2020-10-28,07:43,Wed,306,True,P30 - P+R_Slinge benedendek,390
2020-10-28,07:44,Wed,306,True,P30 - P+R_Slinge benedendek,390
2020-10-28,07:45,Wed,305,True,P30 - P+R_Slinge benedendek,390
2020-10-28,07:46,Wed,305,True,P30 - P+R_Slinge benedendek,390
2020-10-28,07:47,Wed,302,True,P30 - P+R_Slinge benedendek,390
2020-10-28,07:48,Wed,299,True,P30 - P+R_Slinge benedendek,390
2020-10-28,07:49,Wed,299,True,P30 - P+R_Slinge benedendek,390
2020-10-28,07:50,Wed,299,True,P30 - P+R_Slinge benedendek,390
2020-10-28,07:51,Wed,297,True,P30 - P+R_Slinge benedendek,390
2020-10-28,07:52,Wed,296,True,P30 - P+R_Slinge benedendek,390
2020-10-28,07:53,Wed,296,True,P30 - P+R_Slinge benedendek,390
2020-10-28,07:54,Wed,295,True,P30 - P+R_Slinge benedendek,390
2020-10-28,07:55,Wed,293,True,P30 - P+R_Slinge benedendek,390
2020-10-28,07:56,Wed,293,True,P30 - P+R_Slinge benedendek,390
2020-10-28,07:57,Wed,293,True,P30 - P+R_Slinge benedendek,390
2020-10-28,07:58,Wed,293,True,P30 - P+R_Slinge benedendek,390
2020-10-28,07:59,Wed,292,True,P30 - P+R_Slinge benedendek,390
2020-10-28,08:00,Wed,291,True,P30 - P+R_Slinge benedendek,390
2020-10-28,08:01,Wed,289,True,P30 - P+R_Slinge benedendek,390
2020-10-28,08:02,Wed,288,True,P30 - P+R_Slinge benedendek,390
2020-10-28,08:03,Wed,287,True,P30 - P+R_Slinge benedendek,390
2020-10-28,08:04,Wed,286,True,P30 - P+R_Slinge benedendek,390
2020-10-28,08:05,Wed,285,True,P30 - P+R_Slinge benedendek,390
2020-10-28,08:06,Wed,285,True,P30 - P+R_Slinge benedendek,390
2020-10-28,08:07,Wed,284,True,P30 - P+R_Slinge benedendek,390
2020-10-28,08:08,Wed,283,True,P30 - P+R_Slinge benedendek,390
2020-10-28,08:09,Wed,283,True,P30 - P+R_Slinge benedendek,390
2020-10-28,08:10,Wed,282,True,P30 - P+R_Slinge benedendek,390
2020-10-28,08:11,Wed,281,True,P30 - P+R_Slinge benedendek,390
2020-10-28,08:12,Wed,281,True,P30 - P+R_Slinge benedendek,390
2020-10-28,08:13,Wed,278,True,P30 - P+R_Slinge benedendek,390
2020-10-28,08:14,Wed,276,True,P30 - P+R_Slinge benedendek,390
2020-10-28,08:15,Wed,274,True,P30 - P+R_Slinge benedendek,390
2020-10-28,08:16,Wed,273,True,P30 - P+R_Slinge benedendek,390
2020-10-28,08:17,Wed,273,True,P30 - P+R_Slinge benedendek,390
2020-10-28,08:18,Wed,273,True,P30 - P+R_Slinge benedendek,390
2020-10-28,08:19,Wed,273,True,P30 - P+R_Slinge benedendek,390
2020-10-28,08:20,Wed,273,True,P30 - P+R_Slinge benedendek,390
2020-10-28,08:21,Wed,272,True,P30 - P+R_Slinge benedendek,390
2020-10-28,08:22,Wed,272,True,P30 - P+R_Slinge benedendek,390
2020-10-28,08:23,Wed,272,True,P30 - P+R_Slinge benedendek,390
2020-10-28,08:24,Wed,271,True,P30 - P+R_Slinge benedendek,390
2020-10-28,08:25,Wed,271,True,P30 - P+R_Slinge benedendek,390
2020-10-28,08:26,Wed,271,True,P30 - P+R_Slinge benedendek,390
2020-10-28,08:27,Wed,270,True,P30 - P+R_Slinge benedendek,390
2020-10-28,08:28,Wed,269,True,P30 - P+R_Slinge benedendek,390
2020-10-28,08:29,Wed,268,True,P30 - P+R_Slinge benedendek,390
2020-10-28,08:30,Wed,266,True,P30 - P+R_Slinge benedendek,390
2020-10-28,08:31,Wed,266,True,P30 - P+R_Slinge benedendek,390
2020-10-28,08:32,Wed,265,True,P30 - P+R_Slinge benedendek,390
2020-10-28,08:33,Wed,264,True,P30 - P+R_Slinge benedendek,390
2020-10-28,08:34,Wed,263,True,P30 - P+R_Slinge benedendek,390
2020-10-28,08:35,Wed,262,True,P30 - P+R_Slinge benedendek,390
2020-10-28,08:36,Wed,261,True,P30 - P+R_Slinge benedendek,390
2020-10-28,08:37,Wed,261,True,P30 - P+R_Slinge benedendek,390
2020-10-28,08:38,Wed,260,True,P30 - P+R_Slinge benedendek,390
2020-10-28,08:39,Wed,260,True,P30 - P+R_Slinge benedendek,390
2020-10-28,08:40,Wed,259,True,P30 - P+R_Slinge benedendek,390
2020-10-28,08:41,Wed,259,True,P30 - P+R_Slinge benedendek,390
2020-10-28,08:42,Wed,258,True,P30 - P+R_Slinge benedendek,390
2020-10-28,08:43,Wed,258,True,P30 - P+R_Slinge benedendek,390
2020-10-28,08:44,Wed,258,True,P30 - P+R_Slinge benedendek,390
2020-10-28,08:45,Wed,257,True,P30 - P+R_Slinge benedendek,390
2020-10-28,08:46,Wed,256,True,P30 - P+R_Slinge benedendek,390
2020-10-28,08:47,Wed,256,True,P30 - P+R_Slinge benedendek,390
2020-10-28,08:48,Wed,256,True,P30 - P+R_Slinge benedendek,390
2020-10-28,08:49,Wed,256,True,P30 - P+R_Slinge benedendek,390
2020-10-28,08:50,Wed,255,True,P30 - P+R_Slinge benedendek,390
2020-10-28,08:51,Wed,254,True,P30 - P+R_Slinge benedendek,390
2020-10-28,08:52,Wed,254,True,P30 - P+R_Slinge benedendek,390
2020-10-28,08:53,Wed,254,True,P30 - P+R_Slinge benedendek,390
2020-10-28,08:54,Wed,254,True,P30 - P+R_Slinge benedendek,390
2020-10-28,08:55,Wed,254,True,P30 - P+R_Slinge benedendek,390
2020-10-28,08:56,Wed,253,True,P30 - P+R_Slinge benedendek,390
2020-10-28,08:57,Wed,253,True,P30 - P+R_Slinge benedendek,390
2020-10-28,08:58,Wed,253,True,P30 - P+R_Slinge benedendek,390
2020-10-28,08:59,Wed,252,True,P30 - P+R_Slinge benedendek,390
2020-10-28,09:00,Wed,252,True,P30 - P+R_Slinge benedendek,390
2020-10-28,09:01,Wed,251,True,P30 - P+R_Slinge benedendek,390
2020-10-28,09:02,Wed,251,True,P30 - P+R_Slinge benedendek,390
2020-10-28,09:03,Wed,251,True,P30 - P+R_Slinge benedendek,390
2020-10-28,09:04,Wed,251,True,P30 - P+R_Slinge benedendek,390
2020-10-28,09:05,Wed,251,True,P30 - P+R_Slinge benedendek,390
2020-10-28,09:06,Wed,250,True,P30 - P+R_Slinge benedendek,390
2020-10-28,09:07,Wed,250,True,P30 - P+R_Slinge benedendek,390
2020-10-28,09:08,Wed,250,True,P30 - P+R_Slinge benedendek,390
2020-10-28,09:09,Wed,249,True,P30 - P+R_Slinge benedendek,390
2020-10-28,09:10,Wed,248,True,P30 - P+R_Slinge benedendek,390
2020-10-28,09:11,Wed,248,True,P30 - P+R_Slinge benedendek,390
2020-10-28,09:12,Wed,248,True,P30 - P+R_Slinge benedendek,390
2020-10-28,09:13,Wed,248,True,P30 - P+R_Slinge benedendek,390
2020-10-28,09:14,Wed,247,True,P30 - P+R_Slinge benedendek,390
2020-10-28,09:15,Wed,245,True,P30 - P+R_Slinge benedendek,390
2020-10-28,09:16,Wed,245,True,P30 - P+R_Slinge benedendek,390
2020-10-28,09:17,Wed,244,True,P30 - P+R_Slinge benedendek,390
2020-10-28,09:18,Wed,242,True,P30 - P+R_Slinge benedendek,390
2020-10-28,09:19,Wed,241,True,P30 - P+R_Slinge benedendek,390
2020-10-28,09:20,Wed,240,True,P30 - P+R_Slinge benedendek,390
2020-10-28,09:21,Wed,240,True,P30 - P+R_Slinge benedendek,390
2020-10-28,09:22,Wed,239,True,P30 - P+R_Slinge benedendek,390
2020-10-28,09:23,Wed,239,True,P30 - P+R_Slinge benedendek,390
2020-10-28,09:24,Wed,239,True,P30 - P+R_Slinge benedendek,390
2020-10-28,09:25,Wed,238,True,P30 - P+R_Slinge benedendek,390
2020-10-28,09:26,Wed,238,True,P30 - P+R_Slinge benedendek,390
2020-10-28,09:27,Wed,238,True,P30 - P+R_Slinge benedendek,390
2020-10-28,09:28,Wed,238,True,P30 - P+R_Slinge benedendek,390
2020-10-28,09:29,Wed,236,True,P30 - P+R_Slinge benedendek,390
2020-10-28,09:30,Wed,236,True,P30 - P+R_Slinge benedendek,390
2020-10-28,09:31,Wed,236,True,P30 - P+R_Slinge benedendek,390
2020-10-28,09:32,Wed,235,True,P30 - P+R_Slinge benedendek,390
2020-10-28,09:33,Wed,235,True,P30 - P+R_Slinge benedendek,390
2020-10-28,09:34,Wed,235,True,P30 - P+R_Slinge benedendek,390
2020-10-28,09:35,Wed,235,True,P30 - P+R_Slinge benedendek,390
2020-10-28,09:36,Wed,235,True,P30 - P+R_Slinge benedendek,390
2020-10-28,09:37,Wed,235,True,P30 - P+R_Slinge benedendek,390
2020-10-28,09:38,Wed,234,True,P30 - P+R_Slinge benedendek,390
2020-10-28,09:39,Wed,234,True,P30 - P+R_Slinge benedendek,390
2020-10-28,09:40,Wed,234,True,P30 - P+R_Slinge benedendek,390
2020-10-28,09:41,Wed,234,True,P30 - P+R_Slinge benedendek,390
2020-10-28,09:42,Wed,234,True,P30 - P+R_Slinge benedendek,390
2020-10-28,09:43,Wed,234,True,P30 - P+R_Slinge benedendek,390
2020-10-28,09:44,Wed,234,True,P30 - P+R_Slinge benedendek,390
2020-10-28,09:45,Wed,234,True,P30 - P+R_Slinge benedendek,390
2020-10-28,09:46,Wed,233,True,P30 - P+R_Slinge benedendek,390
2020-10-28,09:47,Wed,233,True,P30 - P+R_Slinge benedendek,390
2020-10-28,09:48,Wed,233,True,P30 - P+R_Slinge benedendek,390
2020-10-28,09:49,Wed,233,True,P30 - P+R_Slinge benedendek,390
2020-10-28,09:50,Wed,232,True,P30 - P+R_Slinge benedendek,390
2020-10-28,09:51,Wed,232,True,P30 - P+R_Slinge benedendek,390
2020-10-28,09:52,Wed,232,True,P30 - P+R_Slinge benedendek,390
2020-10-28,09:53,Wed,232,True,P30 - P+R_Slinge benedendek,390
2020-10-28,09:54,Wed,232,True,P30 - P+R_Slinge benedendek,390
2020-10-28,09:55,Wed,232,True,P30 - P+R_Slinge benedendek,390
2020-10-28,09:56,Wed,232,True,P30 - P+R_Slinge benedendek,390
2020-10-28,09:57,Wed,232,True,P30 - P+R_Slinge benedendek,390
2020-10-28,09:58,Wed,232,True,P30 - P+R_Slinge benedendek,390
2020-10-28,09:59,Wed,231,True,P30 - P+R_Slinge benedendek,390
2020-10-28,10:00,Wed,231,True,P30 - P+R_Slinge benedendek,390
2020-10-28,10:01,Wed,231,True,P30 - P+R_Slinge benedendek,390
2020-10-28,10:02,Wed,231,True,P30 - P+R_Slinge benedendek,390
2020-10-28,10:03,Wed,231,True,P30 - P+R_Slinge benedendek,390
2020-10-28,10:04,Wed,232,True,P30 - P+R_Slinge benedendek,390
2020-10-28,10:05,Wed,232,True,P30 - P+R_Slinge benedendek,390
2020-10-28,10:06,Wed,232,True,P30 - P+R_Slinge benedendek,390
2020-10-28,10:07,Wed,232,True,P30 - P+R_Slinge benedendek,390
2020-10-28,10:08,Wed,232,True,P30 - P+R_Slinge benedendek,390
2020-10-28,10:09,Wed,231,True,P30 - P+R_Slinge benedendek,390
2020-10-28,10:10,Wed,230,True,P30 - P+R_Slinge benedendek,390
2020-10-28,10:11,Wed,230,True,P30 - P+R_Slinge benedendek,390
2020-10-28,10:12,Wed,230,True,P30 - P+R_Slinge benedendek,390
2020-10-28,10:13,Wed,230,True,P30 - P+R_Slinge benedendek,390
2020-10-28,10:14,Wed,230,True,P30 - P+R_Slinge benedendek,390
2020-10-28,10:15,Wed,229,True,P30 - P+R_Slinge benedendek,390
2020-10-28,10:16,Wed,228,True,P30 - P+R_Slinge benedendek,390
2020-10-28,10:17,Wed,228,True,P30 - P+R_Slinge benedendek,390
2020-10-28,10:18,Wed,228,True,P30 - P+R_Slinge benedendek,390
2020-10-28,10:19,Wed,227,True,P30 - P+R_Slinge benedendek,390
2020-10-28,10:20,Wed,227,True,P30 - P+R_Slinge benedendek,390
2020-10-28,10:21,Wed,226,True,P30 - P+R_Slinge benedendek,390
2020-10-28,10:22,Wed,225,True,P30 - P+R_Slinge benedendek,390
2020-10-28,10:23,Wed,225,True,P30 - P+R_Slinge benedendek,390
2020-10-28,10:24,Wed,225,True,P30 - P+R_Slinge benedendek,390
2020-10-28,10:25,Wed,225,True,P30 - P+R_Slinge benedendek,390
2020-10-28,10:26,Wed,225,True,P30 - P+R_Slinge benedendek,390
2020-10-28,10:27,Wed,225,True,P30 - P+R_Slinge benedendek,390
2020-10-28,10:28,Wed,225,True,P30 - P+R_Slinge benedendek,390
2020-10-28,10:29,Wed,225,True,P30 - P+R_Slinge benedendek,390
2020-10-28,10:30,Wed,225,True,P30 - P+R_Slinge benedendek,390
2020-10-28,10:31,Wed,225,True,P30 - P+R_Slinge benedendek,390
2020-10-28,10:32,Wed,226,True,P30 - P+R_Slinge benedendek,390
2020-10-28,10:33,Wed,226,True,P30 - P+R_Slinge benedendek,390
2020-10-28,10:34,Wed,226,True,P30 - P+R_Slinge benedendek,390
2020-10-28,10:35,Wed,226,True,P30 - P+R_Slinge benedendek,390
2020-10-28,10:36,Wed,226,True,P30 - P+R_Slinge benedendek,390
2020-10-28,10:37,Wed,226,True,P30 - P+R_Slinge benedendek,390
2020-10-28,10:38,Wed,224,True,P30 - P+R_Slinge benedendek,390
2020-10-28,10:39,Wed,224,True,P30 - P+R_Slinge benedendek,390
2020-10-28,10:40,Wed,223,True,P30 - P+R_Slinge benedendek,390
2020-10-28,10:41,Wed,223,True,P30 - P+R_Slinge benedendek,390
2020-10-28,10:42,Wed,223,True,P30 - P+R_Slinge benedendek,390
2020-10-28,10:43,Wed,223,True,P30 - P+R_Slinge benedendek,390
2020-10-28,10:44,Wed,223,True,P30 - P+R_Slinge benedendek,390
2020-10-28,10:45,Wed,222,True,P30 - P+R_Slinge benedendek,390
2020-10-28,10:46,Wed,222,True,P30 - P+R_Slinge benedendek,390
2020-10-28,10:47,Wed,222,True,P30 - P+R_Slinge benedendek,390
2020-10-28,10:48,Wed,222,True,P30 - P+R_Slinge benedendek,390
2020-10-28,10:49,Wed,221,True,P30 - P+R_Slinge benedendek,390
2020-10-28,10:50,Wed,221,True,P30 - P+R_Slinge benedendek,390
2020-10-28,10:51,Wed,221,True,P30 - P+R_Slinge benedendek,390
2020-10-28,10:52,Wed,221,True,P30 - P+R_Slinge benedendek,390
2020-10-28,10:53,Wed,220,True,P30 - P+R_Slinge benedendek,390
2020-10-28,10:54,Wed,220,True,P30 - P+R_Slinge benedendek,390
2020-10-28,10:55,Wed,219,True,P30 - P+R_Slinge benedendek,390
2020-10-28,10:56,Wed,219,True,P30 - P+R_Slinge benedendek,390
2020-10-28,10:57,Wed,219,True,P30 - P+R_Slinge benedendek,390
2020-10-28,10:58,Wed,219,True,P30 - P+R_Slinge benedendek,390
2020-10-28,10:59,Wed,219,True,P30 - P+R_Slinge benedendek,390
2020-10-28,11:00,Wed,218,True,P30 - P+R_Slinge benedendek,390
2020-10-28,11:01,Wed,218,True,P30 - P+R_Slinge benedendek,390
2020-10-28,11:02,Wed,218,True,P30 - P+R_Slinge benedendek,390
2020-10-28,11:03,Wed,218,True,P30 - P+R_Slinge benedendek,390
2020-10-28,11:04,Wed,218,True,P30 - P+R_Slinge benedendek,390
2020-10-28,11:05,Wed,217,True,P30 - P+R_Slinge benedendek,390
2020-10-28,11:06,Wed,216,True,P30 - P+R_Slinge benedendek,390
2020-10-28,11:07,Wed,216,True,P30 - P+R_Slinge benedendek,390
2020-10-28,11:08,Wed,216,True,P30 - P+R_Slinge benedendek,390
2020-10-28,11:09,Wed,216,True,P30 - P+R_Slinge benedendek,390
2020-10-28,11:10,Wed,216,True,P30 - P+R_Slinge benedendek,390
2020-10-28,11:11,Wed,218,True,P30 - P+R_Slinge benedendek,390
2020-10-28,11:12,Wed,218,True,P30 - P+R_Slinge benedendek,390
2020-10-28,11:13,Wed,218,True,P30 - P+R_Slinge benedendek,390
2020-10-28,11:14,Wed,218,True,P30 - P+R_Slinge benedendek,390
2020-10-28,11:15,Wed,218,True,P30 - P+R_Slinge benedendek,390
2020-10-28,11:16,Wed,218,True,P30 - P+R_Slinge benedendek,390
2020-10-28,11:17,Wed,218,True,P30 - P+R_Slinge benedendek,390
2020-10-28,11:18,Wed,218,True,P30 - P+R_Slinge benedendek,390
2020-10-28,11:19,Wed,217,True,P30 - P+R_Slinge benedendek,390
2020-10-28,11:20,Wed,215,True,P30 - P+R_Slinge benedendek,390
2020-10-28,11:21,Wed,216,True,P30 - P+R_Slinge benedendek,390
2020-10-28,11:22,Wed,215,True,P30 - P+R_Slinge benedendek,390
2020-10-28,11:23,Wed,215,True,P30 - P+R_Slinge benedendek,390
2020-10-28,11:24,Wed,215,True,P30 - P+R_Slinge benedendek,390
2020-10-28,11:25,Wed,216,True,P30 - P+R_Slinge benedendek,390
2020-10-28,11:26,Wed,216,True,P30 - P+R_Slinge benedendek,390
2020-10-28,11:27,Wed,215,True,P30 - P+R_Slinge benedendek,390
2020-10-28,11:28,Wed,215,True,P30 - P+R_Slinge benedendek,390
2020-10-28,11:29,Wed,215,True,P30 - P+R_Slinge benedendek,390
2020-10-28,11:30,Wed,214,True,P30 - P+R_Slinge benedendek,390
2020-10-28,11:31,Wed,213,True,P30 - P+R_Slinge benedendek,390
2020-10-28,11:32,Wed,213,True,P30 - P+R_Slinge benedendek,390
2020-10-28,11:33,Wed,212,True,P30 - P+R_Slinge benedendek,390
2020-10-28,11:34,Wed,212,True,P30 - P+R_Slinge benedendek,390
2020-10-28,11:35,Wed,212,True,P30 - P+R_Slinge benedendek,390
2020-10-28,11:36,Wed,212,True,P30 - P+R_Slinge benedendek,390
2020-10-28,11:37,Wed,212,True,P30 - P+R_Slinge benedendek,390
2020-10-28,11:38,Wed,212,True,P30 - P+R_Slinge benedendek,390
2020-10-28,11:39,Wed,212,True,P30 - P+R_Slinge benedendek,390
2020-10-28,11:40,Wed,212,True,P30 - P+R_Slinge benedendek,390
2020-10-28,11:41,Wed,212,True,P30 - P+R_Slinge benedendek,390
2020-10-28,11:42,Wed,211,True,P30 - P+R_Slinge benedendek,390
2020-10-28,11:43,Wed,211,True,P30 - P+R_Slinge benedendek,390
2020-10-28,11:44,Wed,211,True,P30 - P+R_Slinge benedendek,390
2020-10-28,11:45,Wed,211,True,P30 - P+R_Slinge benedendek,390
2020-10-28,11:46,Wed,211,True,P30 - P+R_Slinge benedendek,390
2020-10-28,11:47,Wed,211,True,P30 - P+R_Slinge benedendek,390
2020-10-28,11:48,Wed,211,True,P30 - P+R_Slinge benedendek,390
2020-10-28,11:49,Wed,210,True,P30 - P+R_Slinge benedendek,390
2020-10-28,11:50,Wed,210,True,P30 - P+R_Slinge benedendek,390
2020-10-28,11:51,Wed,210,True,P30 - P+R_Slinge benedendek,390
2020-10-28,11:52,Wed,210,True,P30 - P+R_Slinge benedendek,390
2020-10-28,11:53,Wed,210,True,P30 - P+R_Slinge benedendek,390
2020-10-28,11:54,Wed,210,True,P30 - P+R_Slinge benedendek,390
2020-10-28,11:55,Wed,210,True,P30 - P+R_Slinge benedendek,390
2020-10-28,11:56,Wed,210,True,P30 - P+R_Slinge benedendek,390
2020-10-28,11:57,Wed,210,True,P30 - P+R_Slinge benedendek,390
2020-10-28,11:58,Wed,210,True,P30 - P+R_Slinge benedendek,390
2020-10-28,11:59,Wed,210,True,P30 - P+R_Slinge benedendek,390
2020-10-28,12:00,Wed,208,True,P30 - P+R_Slinge benedendek,390
2020-10-28,12:01,Wed,207,True,P30 - P+R_Slinge benedendek,390
2020-10-28,12:02,Wed,207,True,P30 - P+R_Slinge benedendek,390
2020-10-28,12:03,Wed,207,True,P30 - P+R_Slinge benedendek,390
2020-10-28,12:04,Wed,207,True,P30 - P+R_Slinge benedendek,390
2020-10-28,12:05,Wed,207,True,P30 - P+R_Slinge benedendek,390
2020-10-28,12:06,Wed,206,True,P30 - P+R_Slinge benedendek,390
2020-10-28,12:07,Wed,205,True,P30 - P+R_Slinge benedendek,390
2020-10-28,12:08,Wed,205,True,P30 - P+R_Slinge benedendek,390
2020-10-28,12:09,Wed,204,True,P30 - P+R_Slinge benedendek,390
2020-10-28,12:10,Wed,202,True,P30 - P+R_Slinge benedendek,390
2020-10-28,12:11,Wed,202,True,P30 - P+R_Slinge benedendek,390
2020-10-28,12:12,Wed,202,True,P30 - P+R_Slinge benedendek,390
2020-10-28,12:13,Wed,202,True,P30 - P+R_Slinge benedendek,390
2020-10-28,12:14,Wed,202,True,P30 - P+R_Slinge benedendek,390
2020-10-28,12:15,Wed,202,True,P30 - P+R_Slinge benedendek,390
2020-10-28,12:16,Wed,202,True,P30 - P+R_Slinge benedendek,390
2020-10-28,12:17,Wed,202,True,P30 - P+R_Slinge benedendek,390
2020-10-28,12:18,Wed,201,True,P30 - P+R_Slinge benedendek,390
2020-10-28,12:19,Wed,201,True,P30 - P+R_Slinge benedendek,390
2020-10-28,12:20,Wed,201,True,P30 - P+R_Slinge benedendek,390
2020-10-28,12:21,Wed,200,True,P30 - P+R_Slinge benedendek,390
2020-10-28,12:22,Wed,200,True,P30 - P+R_Slinge benedendek,390
2020-10-28,12:23,Wed,199,True,P30 - P+R_Slinge benedendek,390
2020-10-28,12:24,Wed,199,True,P30 - P+R_Slinge benedendek,390
2020-10-28,12:25,Wed,199,True,P30 - P+R_Slinge benedendek,390
2020-10-28,12:26,Wed,199,True,P30 - P+R_Slinge benedendek,390
2020-10-28,12:27,Wed,199,True,P30 - P+R_Slinge benedendek,390
2020-10-28,12:28,Wed,199,True,P30 - P+R_Slinge benedendek,390
2020-10-28,12:29,Wed,199,True,P30 - P+R_Slinge benedendek,390
2020-10-28,12:30,Wed,198,True,P30 - P+R_Slinge benedendek,390
2020-10-28,12:31,Wed,197,True,P30 - P+R_Slinge benedendek,390
2020-10-28,12:32,Wed,198,True,P30 - P+R_Slinge benedendek,390
2020-10-28,12:33,Wed,198,True,P30 - P+R_Slinge benedendek,390
2020-10-28,12:34,Wed,199,True,P30 - P+R_Slinge benedendek,390
2020-10-28,12:35,Wed,199,True,P30 - P+R_Slinge benedendek,390
2020-10-28,12:36,Wed,199,True,P30 - P+R_Slinge benedendek,390
2020-10-28,12:37,Wed,199,True,P30 - P+R_Slinge benedendek,390
2020-10-28,12:38,Wed,199,True,P30 - P+R_Slinge benedendek,390
2020-10-28,12:39,Wed,198,True,P30 - P+R_Slinge benedendek,390
2020-10-28,12:40,Wed,198,True,P30 - P+R_Slinge benedendek,390
2020-10-28,12:41,Wed,198,True,P30 - P+R_Slinge benedendek,390
2020-10-28,12:42,Wed,199,True,P30 - P+R_Slinge benedendek,390
2020-10-28,12:43,Wed,199,True,P30 - P+R_Slinge benedendek,390
2020-10-28,12:44,Wed,199,True,P30 - P+R_Slinge benedendek,390
2020-10-28,12:45,Wed,199,True,P30 - P+R_Slinge benedendek,390
2020-10-28,12:46,Wed,199,True,P30 - P+R_Slinge benedendek,390
2020-10-28,12:47,Wed,198,True,P30 - P+R_Slinge benedendek,390
2020-10-28,12:48,Wed,198,True,P30 - P+R_Slinge benedendek,390
2020-10-28,12:49,Wed,198,True,P30 - P+R_Slinge benedendek,390
2020-10-28,12:50,Wed,197,True,P30 - P+R_Slinge benedendek,390
2020-10-28,12:51,Wed,198,True,P30 - P+R_Slinge benedendek,390
2020-10-28,12:52,Wed,199,True,P30 - P+R_Slinge benedendek,390
2020-10-28,12:53,Wed,199,True,P30 - P+R_Slinge benedendek,390
2020-10-28,12:54,Wed,199,True,P30 - P+R_Slinge benedendek,390
2020-10-28,12:55,Wed,199,True,P30 - P+R_Slinge benedendek,390
2020-10-28,12:56,Wed,199,True,P30 - P+R_Slinge benedendek,390
2020-10-28,12:57,Wed,199,True,P30 - P+R_Slinge benedendek,390
2020-10-28,12:58,Wed,199,True,P30 - P+R_Slinge benedendek,390
2020-10-28,12:59,Wed,199,True,P30 - P+R_Slinge benedendek,390
2020-10-28,13:00,Wed,199,True,P30 - P+R_Slinge benedendek,390
2020-10-28,13:01,Wed,200,True,P30 - P+R_Slinge benedendek,390
2020-10-28,13:02,Wed,200,True,P30 - P+R_Slinge benedendek,390
2020-10-28,13:03,Wed,200,True,P30 - P+R_Slinge benedendek,390
2020-10-28,13:04,Wed,201,True,P30 - P+R_Slinge benedendek,390
2020-10-28,13:05,Wed,201,True,P30 - P+R_Slinge benedendek,390
2020-10-28,13:06,Wed,202,True,P30 - P+R_Slinge benedendek,390
2020-10-28,13:07,Wed,202,True,P30 - P+R_Slinge benedendek,390
2020-10-28,13:08,Wed,202,True,P30 - P+R_Slinge benedendek,390
2020-10-28,13:09,Wed,202,True,P30 - P+R_Slinge benedendek,390
2020-10-28,13:10,Wed,202,True,P30 - P+R_Slinge benedendek,390
2020-10-28,13:11,Wed,201,True,P30 - P+R_Slinge benedendek,390
2020-10-28,13:12,Wed,201,True,P30 - P+R_Slinge benedendek,390
2020-10-28,13:13,Wed,201,True,P30 - P+R_Slinge benedendek,390
2020-10-28,13:14,Wed,201,True,P30 - P+R_Slinge benedendek,390
2020-10-28,13:15,Wed,199,True,P30 - P+R_Slinge benedendek,390
2020-10-28,13:16,Wed,197,True,P30 - P+R_Slinge benedendek,390
2020-10-28,13:17,Wed,197,True,P30 - P+R_Slinge benedendek,390
2020-10-28,13:18,Wed,197,True,P30 - P+R_Slinge benedendek,390
2020-10-28,13:19,Wed,197,True,P30 - P+R_Slinge benedendek,390
2020-10-28,13:20,Wed,197,True,P30 - P+R_Slinge benedendek,390
2020-10-28,13:21,Wed,195,True,P30 - P+R_Slinge benedendek,390
2020-10-28,13:22,Wed,195,True,P30 - P+R_Slinge benedendek,390
2020-10-28,13:23,Wed,195,True,P30 - P+R_Slinge benedendek,390
2020-10-28,13:24,Wed,195,True,P30 - P+R_Slinge benedendek,390
2020-10-28,13:25,Wed,196,True,P30 - P+R_Slinge benedendek,390
2020-10-28,13:26,Wed,196,True,P30 - P+R_Slinge benedendek,390
2020-10-28,13:27,Wed,196,True,P30 - P+R_Slinge benedendek,390
2020-10-28,13:28,Wed,196,True,P30 - P+R_Slinge benedendek,390
2020-10-28,13:29,Wed,196,True,P30 - P+R_Slinge benedendek,390
2020-10-28,13:30,Wed,196,True,P30 - P+R_Slinge benedendek,390
2020-10-28,13:31,Wed,196,True,P30 - P+R_Slinge benedendek,390
2020-10-28,13:32,Wed,197,True,P30 - P+R_Slinge benedendek,390
2020-10-28,13:33,Wed,197,True,P30 - P+R_Slinge benedendek,390
2020-10-28,13:34,Wed,198,True,P30 - P+R_Slinge benedendek,390
2020-10-28,13:35,Wed,198,True,P30 - P+R_Slinge benedendek,390
2020-10-28,13:36,Wed,195,True,P30 - P+R_Slinge benedendek,390
2020-10-28,13:37,Wed,195,True,P30 - P+R_Slinge benedendek,390
2020-10-28,13:38,Wed,196,True,P30 - P+R_Slinge benedendek,390
2020-10-28,13:39,Wed,196,True,P30 - P+R_Slinge benedendek,390
2020-10-28,13:40,Wed,196,True,P30 - P+R_Slinge benedendek,390
2020-10-28,13:41,Wed,197,True,P30 - P+R_Slinge benedendek,390
2020-10-28,13:42,Wed,197,True,P30 - P+R_Slinge benedendek,390
2020-10-28,13:43,Wed,197,True,P30 - P+R_Slinge benedendek,390
2020-10-28,13:44,Wed,197,True,P30 - P+R_Slinge benedendek,390
2020-10-28,13:45,Wed,197,True,P30 - P+R_Slinge benedendek,390
2020-10-28,13:46,Wed,197,True,P30 - P+R_Slinge benedendek,390
2020-10-28,13:47,Wed,196,True,P30 - P+R_Slinge benedendek,390
2020-10-28,13:48,Wed,195,True,P30 - P+R_Slinge benedendek,390
2020-10-28,13:49,Wed,195,True,P30 - P+R_Slinge benedendek,390
2020-10-28,13:50,Wed,194,True,P30 - P+R_Slinge benedendek,390
2020-10-28,13:51,Wed,194,True,P30 - P+R_Slinge benedendek,390
2020-10-28,13:52,Wed,195,True,P30 - P+R_Slinge benedendek,390
2020-10-28,13:53,Wed,196,True,P30 - P+R_Slinge benedendek,390
2020-10-28,13:54,Wed,195,True,P30 - P+R_Slinge benedendek,390
2020-10-28,13:55,Wed,197,True,P30 - P+R_Slinge benedendek,390
2020-10-28,13:56,Wed,196,True,P30 - P+R_Slinge benedendek,390
2020-10-28,13:57,Wed,196,True,P30 - P+R_Slinge benedendek,390
2020-10-28,13:58,Wed,196,True,P30 - P+R_Slinge benedendek,390
2020-10-28,13:59,Wed,196,True,P30 - P+R_Slinge benedendek,390
2020-10-28,14:00,Wed,196,True,P30 - P+R_Slinge benedendek,390
2020-10-28,14:01,Wed,196,True,P30 - P+R_Slinge benedendek,390
2020-10-28,14:02,Wed,197,True,P30 - P+R_Slinge benedendek,390
2020-10-28,14:03,Wed,197,True,P30 - P+R_Slinge benedendek,390
2020-10-28,14:04,Wed,197,True,P30 - P+R_Slinge benedendek,390
2020-10-28,14:05,Wed,197,True,P30 - P+R_Slinge benedendek,390
2020-10-28,14:06,Wed,197,True,P30 - P+R_Slinge benedendek,390
2020-10-28,14:07,Wed,198,True,P30 - P+R_Slinge benedendek,390
2020-10-28,14:08,Wed,198,True,P30 - P+R_Slinge benedendek,390
2020-10-28,14:09,Wed,195,True,P30 - P+R_Slinge benedendek,390
2020-10-28,14:10,Wed,195,True,P30 - P+R_Slinge benedendek,390
2020-10-28,14:11,Wed,195,True,P30 - P+R_Slinge benedendek,390
2020-10-28,14:12,Wed,196,True,P30 - P+R_Slinge benedendek,390
2020-10-28,14:13,Wed,196,True,P30 - P+R_Slinge benedendek,390
2020-10-28,14:14,Wed,197,True,P30 - P+R_Slinge benedendek,390
2020-10-28,14:15,Wed,197,True,P30 - P+R_Slinge benedendek,390
2020-10-28,14:16,Wed,198,True,P30 - P+R_Slinge benedendek,390
2020-10-28,14:17,Wed,198,True,P30 - P+R_Slinge benedendek,390
2020-10-28,14:18,Wed,197,True,P30 - P+R_Slinge benedendek,390
2020-10-28,14:19,Wed,197,True,P30 - P+R_Slinge benedendek,390
2020-10-28,14:20,Wed,197,True,P30 - P+R_Slinge benedendek,390
2020-10-28,14:21,Wed,197,True,P30 - P+R_Slinge benedendek,390
2020-10-28,14:22,Wed,196,True,P30 - P+R_Slinge benedendek,390
2020-10-28,14:23,Wed,195,True,P30 - P+R_Slinge benedendek,390
2020-10-28,14:24,Wed,195,True,P30 - P+R_Slinge benedendek,390
2020-10-28,14:25,Wed,196,True,P30 - P+R_Slinge benedendek,390
2020-10-28,14:26,Wed,197,True,P30 - P+R_Slinge benedendek,390
2020-10-28,14:27,Wed,197,True,P30 - P+R_Slinge benedendek,390
2020-10-28,14:28,Wed,197,True,P30 - P+R_Slinge benedendek,390
2020-10-28,14:29,Wed,197,True,P30 - P+R_Slinge benedendek,390
2020-10-28,14:30,Wed,197,True,P30 - P+R_Slinge benedendek,390
2020-10-28,14:31,Wed,198,True,P30 - P+R_Slinge benedendek,390
2020-10-28,14:32,Wed,198,True,P30 - P+R_Slinge benedendek,390
2020-10-28,14:33,Wed,198,True,P30 - P+R_Slinge benedendek,390
2020-10-28,14:34,Wed,197,True,P30 - P+R_Slinge benedendek,390
2020-10-28,14:35,Wed,197,True,P30 - P+R_Slinge benedendek,390
2020-10-28,14:36,Wed,196,True,P30 - P+R_Slinge benedendek,390
2020-10-28,14:37,Wed,195,True,P30 - P+R_Slinge benedendek,390
2020-10-28,14:38,Wed,195,True,P30 - P+R_Slinge benedendek,390
2020-10-28,14:39,Wed,195,True,P30 - P+R_Slinge benedendek,390
2020-10-28,14:40,Wed,195,True,P30 - P+R_Slinge benedendek,390
2020-10-28,14:41,Wed,195,True,P30 - P+R_Slinge benedendek,390
2020-10-28,14:42,Wed,193,True,P30 - P+R_Slinge benedendek,390
2020-10-28,14:43,Wed,194,True,P30 - P+R_Slinge benedendek,390
2020-10-28,14:44,Wed,194,True,P30 - P+R_Slinge benedendek,390
2020-10-28,14:45,Wed,194,True,P30 - P+R_Slinge benedendek,390
2020-10-28,14:46,Wed,196,True,P30 - P+R_Slinge benedendek,390
2020-10-28,14:47,Wed,196,True,P30 - P+R_Slinge benedendek,390
2020-10-28,14:48,Wed,196,True,P30 - P+R_Slinge benedendek,390
2020-10-28,14:49,Wed,196,True,P30 - P+R_Slinge benedendek,390
2020-10-28,14:50,Wed,195,True,P30 - P+R_Slinge benedendek,390
2020-10-28,14:51,Wed,195,True,P30 - P+R_Slinge benedendek,390
2020-10-28,14:52,Wed,195,True,P30 - P+R_Slinge benedendek,390
2020-10-28,14:53,Wed,195,True,P30 - P+R_Slinge benedendek,390
2020-10-28,14:54,Wed,195,True,P30 - P+R_Slinge benedendek,390
2020-10-28,14:55,Wed,195,True,P30 - P+R_Slinge benedendek,390
2020-10-28,14:56,Wed,195,True,P30 - P+R_Slinge benedendek,390
2020-10-28,14:57,Wed,195,True,P30 - P+R_Slinge benedendek,390
2020-10-28,14:58,Wed,195,True,P30 - P+R_Slinge benedendek,390
2020-10-28,14:59,Wed,196,True,P30 - P+R_Slinge benedendek,390
2020-10-28,15:00,Wed,196,True,P30 - P+R_Slinge benedendek,390
2020-10-28,15:01,Wed,196,True,P30 - P+R_Slinge benedendek,390
2020-10-28,15:02,Wed,196,True,P30 - P+R_Slinge benedendek,390
2020-10-28,15:03,Wed,196,True,P30 - P+R_Slinge benedendek,390
2020-10-28,15:04,Wed,198,True,P30 - P+R_Slinge benedendek,390
2020-10-28,15:05,Wed,198,True,P30 - P+R_Slinge benedendek,390
2020-10-28,15:06,Wed,199,True,P30 - P+R_Slinge benedendek,390
2020-10-28,15:07,Wed,200,True,P30 - P+R_Slinge benedendek,390
2020-10-28,15:08,Wed,200,True,P30 - P+R_Slinge benedendek,390
2020-10-28,15:09,Wed,200,True,P30 - P+R_Slinge benedendek,390
2020-10-28,15:10,Wed,200,True,P30 - P+R_Slinge benedendek,390
2020-10-28,15:11,Wed,201,True,P30 - P+R_Slinge benedendek,390
2020-10-28,15:12,Wed,201,True,P30 - P+R_Slinge benedendek,390
2020-10-28,15:13,Wed,201,True,P30 - P+R_Slinge benedendek,390
2020-10-28,15:14,Wed,201,True,P30 - P+R_Slinge benedendek,390
2020-10-28,15:15,Wed,201,True,P30 - P+R_Slinge benedendek,390
2020-10-28,15:16,Wed,202,True,P30 - P+R_Slinge benedendek,390
2020-10-28,15:17,Wed,202,True,P30 - P+R_Slinge benedendek,390
2020-10-28,15:18,Wed,204,True,P30 - P+R_Slinge benedendek,390
2020-10-28,15:19,Wed,204,True,P30 - P+R_Slinge benedendek,390
2020-10-28,15:20,Wed,204,True,P30 - P+R_Slinge benedendek,390
2020-10-28,15:21,Wed,204,True,P30 - P+R_Slinge benedendek,390
2020-10-28,15:22,Wed,204,True,P30 - P+R_Slinge benedendek,390
2020-10-28,15:23,Wed,207,True,P30 - P+R_Slinge benedendek,390
2020-10-28,15:24,Wed,209,True,P30 - P+R_Slinge benedendek,390
2020-10-28,15:25,Wed,209,True,P30 - P+R_Slinge benedendek,390
2020-10-28,15:26,Wed,211,True,P30 - P+R_Slinge benedendek,390
2020-10-28,15:27,Wed,211,True,P30 - P+R_Slinge benedendek,390
2020-10-28,15:28,Wed,211,True,P30 - P+R_Slinge benedendek,390
2020-10-28,15:29,Wed,211,True,P30 - P+R_Slinge benedendek,390
2020-10-28,15:30,Wed,211,True,P30 - P+R_Slinge benedendek,390
2020-10-28,15:31,Wed,212,True,P30 - P+R_Slinge benedendek,390
2020-10-28,15:32,Wed,211,True,P30 - P+R_Slinge benedendek,390
2020-10-28,15:33,Wed,211,True,P30 - P+R_Slinge benedendek,390
2020-10-28,15:34,Wed,209,True,P30 - P+R_Slinge benedendek,390
2020-10-28,15:35,Wed,210,True,P30 - P+R_Slinge benedendek,390
2020-10-28,15:36,Wed,209,True,P30 - P+R_Slinge benedendek,390
2020-10-28,15:37,Wed,209,True,P30 - P+R_Slinge benedendek,390
2020-10-28,15:38,Wed,209,True,P30 - P+R_Slinge benedendek,390
2020-10-28,15:39,Wed,209,True,P30 - P+R_Slinge benedendek,390
2020-10-28,15:40,Wed,210,True,P30 - P+R_Slinge benedendek,390
2020-10-28,15:41,Wed,210,True,P30 - P+R_Slinge benedendek,390
2020-10-28,15:42,Wed,211,True,P30 - P+R_Slinge benedendek,390
2020-10-28,15:43,Wed,212,True,P30 - P+R_Slinge benedendek,390
2020-10-28,15:44,Wed,212,True,P30 - P+R_Slinge benedendek,390
2020-10-28,15:45,Wed,212,True,P30 - P+R_Slinge benedendek,390
2020-10-28,15:46,Wed,212,True,P30 - P+R_Slinge benedendek,390
2020-10-28,15:47,Wed,212,True,P30 - P+R_Slinge benedendek,390
2020-10-28,15:48,Wed,212,True,P30 - P+R_Slinge benedendek,390
2020-10-28,15:49,Wed,212,True,P30 - P+R_Slinge benedendek,390
2020-10-28,15:50,Wed,213,True,P30 - P+R_Slinge benedendek,390
2020-10-28,15:51,Wed,214,True,P30 - P+R_Slinge benedendek,390
2020-10-28,15:52,Wed,214,True,P30 - P+R_Slinge benedendek,390
2020-10-28,15:53,Wed,213,True,P30 - P+R_Slinge benedendek,390
2020-10-28,15:54,Wed,213,True,P30 - P+R_Slinge benedendek,390
2020-10-28,15:55,Wed,215,True,P30 - P+R_Slinge benedendek,390
2020-10-28,15:56,Wed,216,True,P30 - P+R_Slinge benedendek,390
2020-10-28,15:57,Wed,216,True,P30 - P+R_Slinge benedendek,390
2020-10-28,15:58,Wed,216,True,P30 - P+R_Slinge benedendek,390
2020-10-28,15:59,Wed,216,True,P30 - P+R_Slinge benedendek,390
2020-10-28,16:00,Wed,217,True,P30 - P+R_Slinge benedendek,390
2020-10-28,16:01,Wed,217,True,P30 - P+R_Slinge benedendek,390
2020-10-28,16:02,Wed,219,True,P30 - P+R_Slinge benedendek,390
2020-10-28,16:03,Wed,220,True,P30 - P+R_Slinge benedendek,390
2020-10-28,16:04,Wed,221,True,P30 - P+R_Slinge benedendek,390
2020-10-28,16:05,Wed,221,True,P30 - P+R_Slinge benedendek,390
2020-10-28,16:06,Wed,222,True,P30 - P+R_Slinge benedendek,390
2020-10-28,16:07,Wed,222,True,P30 - P+R_Slinge benedendek,390
2020-10-28,16:08,Wed,222,True,P30 - P+R_Slinge benedendek,390
2020-10-28,16:09,Wed,222,True,P30 - P+R_Slinge benedendek,390
2020-10-28,16:10,Wed,222,True,P30 - P+R_Slinge benedendek,390
2020-10-28,16:11,Wed,223,True,P30 - P+R_Slinge benedendek,390
2020-10-28,16:12,Wed,224,True,P30 - P+R_Slinge benedendek,390
2020-10-28,16:13,Wed,224,True,P30 - P+R_Slinge benedendek,390
2020-10-28,16:14,Wed,224,True,P30 - P+R_Slinge benedendek,390
2020-10-28,16:15,Wed,224,True,P30 - P+R_Slinge benedendek,390
2020-10-28,16:16,Wed,225,True,P30 - P+R_Slinge benedendek,390
2020-10-28,16:17,Wed,224,True,P30 - P+R_Slinge benedendek,390
2020-10-28,16:18,Wed,224,True,P30 - P+R_Slinge benedendek,390
2020-10-28,16:19,Wed,223,True,P30 - P+R_Slinge benedendek,390
2020-10-28,16:20,Wed,223,True,P30 - P+R_Slinge benedendek,390
2020-10-28,16:21,Wed,223,True,P30 - P+R_Slinge benedendek,390
2020-10-28,16:22,Wed,222,True,P30 - P+R_Slinge benedendek,390
2020-10-28,16:23,Wed,222,True,P30 - P+R_Slinge benedendek,390
2020-10-28,16:24,Wed,224,True,P30 - P+R_Slinge benedendek,390
2020-10-28,16:25,Wed,226,True,P30 - P+R_Slinge benedendek,390
2020-10-28,16:26,Wed,227,True,P30 - P+R_Slinge benedendek,390
2020-10-28,16:27,Wed,228,True,P30 - P+R_Slinge benedendek,390
2020-10-28,16:28,Wed,229,True,P30 - P+R_Slinge benedendek,390
2020-10-28,16:29,Wed,229,True,P30 - P+R_Slinge benedendek,390
2020-10-28,16:30,Wed,230,True,P30 - P+R_Slinge benedendek,390
2020-10-28,16:31,Wed,232,True,P30 - P+R_Slinge benedendek,390
2020-10-28,16:32,Wed,234,True,P30 - P+R_Slinge benedendek,390
2020-10-28,16:33,Wed,234,True,P30 - P+R_Slinge benedendek,390
2020-10-28,16:34,Wed,234,True,P30 - P+R_Slinge benedendek,390
2020-10-28,16:35,Wed,236,True,P30 - P+R_Slinge benedendek,390
2020-10-28,16:36,Wed,236,True,P30 - P+R_Slinge benedendek,390
2020-10-28,16:37,Wed,236,True,P30 - P+R_Slinge benedendek,390
2020-10-28,16:38,Wed,236,True,P30 - P+R_Slinge benedendek,390
2020-10-28,16:39,Wed,235,True,P30 - P+R_Slinge benedendek,390
2020-10-28,16:40,Wed,235,True,P30 - P+R_Slinge benedendek,390
