2021-02-07,00:00,Sun,167,True,P41 - P+R Capelsebrug,370
2021-02-07,00:01,Sun,167,True,P41 - P+R Capelsebrug,370
2021-02-07,00:02,Sun,167,True,P41 - P+R Capelsebrug,370
2021-02-07,00:03,Sun,167,True,P41 - P+R Capelsebrug,370
2021-02-07,00:04,Sun,167,True,P41 - P+R Capelsebrug,370
2021-02-07,00:05,Sun,167,True,P41 - P+R Capelsebrug,370
2021-02-07,00:06,Sun,167,True,P41 - P+R Capelsebrug,370
2021-02-07,00:07,Sun,167,True,P41 - P+R Capelsebrug,370
2021-02-07,00:08,Sun,167,True,P41 - P+R Capelsebrug,370
2021-02-07,00:09,Sun,167,True,P41 - P+R Capelsebrug,370
2021-02-07,00:10,Sun,167,True,P41 - P+R Capelsebrug,370
2021-02-07,00:11,Sun,167,True,P41 - P+R Capelsebrug,370
2021-02-07,00:12,Sun,167,True,P41 - P+R Capelsebrug,370
2021-02-07,00:13,Sun,167,True,P41 - P+R Capelsebrug,370
2021-02-07,00:14,Sun,167,True,P41 - P+R Capelsebrug,370
2021-02-07,00:15,Sun,167,True,P41 - P+R Capelsebrug,370
2021-02-07,00:16,Sun,167,True,P41 - P+R Capelsebrug,370
2021-02-07,00:17,Sun,167,True,P41 - P+R Capelsebrug,370
2021-02-07,00:18,Sun,167,True,P41 - P+R Capelsebrug,370
2021-02-07,00:19,Sun,167,True,P41 - P+R Capelsebrug,370
2021-02-07,00:20,Sun,167,True,P41 - P+R Capelsebrug,370
2021-02-07,00:21,Sun,167,True,P41 - P+R Capelsebrug,370
2021-02-07,00:22,Sun,167,True,P41 - P+R Capelsebrug,370
2021-02-07,00:23,Sun,167,True,P41 - P+R Capelsebrug,370
2021-02-07,00:24,Sun,167,True,P41 - P+R Capelsebrug,370
2021-02-07,00:25,Sun,167,True,P41 - P+R Capelsebrug,370
2021-02-07,00:26,Sun,167,True,P41 - P+R Capelsebrug,370
2021-02-07,00:27,Sun,167,True,P41 - P+R Capelsebrug,370
2021-02-07,00:28,Sun,167,True,P41 - P+R Capelsebrug,370
2021-02-07,00:29,Sun,167,True,P41 - P+R Capelsebrug,370
2021-02-07,00:30,Sun,167,True,P41 - P+R Capelsebrug,370
2021-02-07,00:31,Sun,167,True,P41 - P+R Capelsebrug,370
2021-02-07,00:32,Sun,167,True,P41 - P+R Capelsebrug,370
2021-02-07,00:33,Sun,167,True,P41 - P+R Capelsebrug,370
2021-02-07,00:34,Sun,167,True,P41 - P+R Capelsebrug,370
2021-02-07,00:35,Sun,167,True,P41 - P+R Capelsebrug,370
2021-02-07,00:36,Sun,167,True,P41 - P+R Capelsebrug,370
2021-02-07,00:37,Sun,167,True,P41 - P+R Capelsebrug,370
2021-02-07,00:38,Sun,167,True,P41 - P+R Capelsebrug,370
2021-02-07,00:39,Sun,167,True,P41 - P+R Capelsebrug,370
2021-02-07,00:40,Sun,167,True,P41 - P+R Capelsebrug,370
2021-02-07,00:41,Sun,167,True,P41 - P+R Capelsebrug,370
2021-02-07,00:42,Sun,167,True,P41 - P+R Capelsebrug,370
2021-02-07,00:43,Sun,167,True,P41 - P+R Capelsebrug,370
2021-02-07,00:44,Sun,167,True,P41 - P+R Capelsebrug,370
2021-02-07,00:45,Sun,167,True,P41 - P+R Capelsebrug,370
2021-02-07,00:46,Sun,167,True,P41 - P+R Capelsebrug,370
2021-02-07,00:47,Sun,167,True,P41 - P+R Capelsebrug,370
2021-02-07,00:48,Sun,167,True,P41 - P+R Capelsebrug,370
2021-02-07,00:49,Sun,167,True,P41 - P+R Capelsebrug,370
2021-02-07,00:50,Sun,167,True,P41 - P+R Capelsebrug,370
2021-02-07,00:51,Sun,167,True,P41 - P+R Capelsebrug,370
2021-02-07,00:52,Sun,167,True,P41 - P+R Capelsebrug,370
2021-02-07,00:53,Sun,167,True,P41 - P+R Capelsebrug,370
2021-02-07,00:54,Sun,167,True,P41 - P+R Capelsebrug,370
2021-02-07,00:55,Sun,167,True,P41 - P+R Capelsebrug,370
2021-02-07,00:56,Sun,167,True,P41 - P+R Capelsebrug,370
2021-02-07,00:57,Sun,167,True,P41 - P+R Capelsebrug,370
2021-02-07,00:58,Sun,168,True,P41 - P+R Capelsebrug,370
2021-02-07,00:59,Sun,168,True,P41 - P+R Capelsebrug,370
2021-02-07,01:00,Sun,169,True,P41 - P+R Capelsebrug,370
2021-02-07,01:01,Sun,169,True,P41 - P+R Capelsebrug,370
2021-02-07,01:02,Sun,169,True,P41 - P+R Capelsebrug,370
2021-02-07,01:03,Sun,169,True,P41 - P+R Capelsebrug,370
2021-02-07,01:04,Sun,169,True,P41 - P+R Capelsebrug,370
2021-02-07,01:05,Sun,169,True,P41 - P+R Capelsebrug,370
2021-02-07,01:06,Sun,169,True,P41 - P+R Capelsebrug,370
2021-02-07,01:07,Sun,169,True,P41 - P+R Capelsebrug,370
2021-02-07,01:08,Sun,169,True,P41 - P+R Capelsebrug,370
2021-02-07,01:09,Sun,169,True,P41 - P+R Capelsebrug,370
2021-02-07,01:10,Sun,169,True,P41 - P+R Capelsebrug,370
2021-02-07,01:11,Sun,169,True,P41 - P+R Capelsebrug,370
2021-02-07,01:12,Sun,169,True,P41 - P+R Capelsebrug,370
2021-02-07,01:13,Sun,169,True,P41 - P+R Capelsebrug,370
2021-02-07,01:14,Sun,169,True,P41 - P+R Capelsebrug,370
2021-02-07,01:15,Sun,169,True,P41 - P+R Capelsebrug,370
2021-02-07,01:16,Sun,169,True,P41 - P+R Capelsebrug,370
2021-02-07,01:17,Sun,169,True,P41 - P+R Capelsebrug,370
2021-02-07,01:18,Sun,169,True,P41 - P+R Capelsebrug,370
2021-02-07,01:19,Sun,169,True,P41 - P+R Capelsebrug,370
2021-02-07,01:20,Sun,169,True,P41 - P+R Capelsebrug,370
2021-02-07,01:21,Sun,169,True,P41 - P+R Capelsebrug,370
2021-02-07,01:22,Sun,169,True,P41 - P+R Capelsebrug,370
2021-02-07,01:23,Sun,169,True,P41 - P+R Capelsebrug,370
2021-02-07,01:24,Sun,169,True,P41 - P+R Capelsebrug,370
2021-02-07,01:25,Sun,169,True,P41 - P+R Capelsebrug,370
2021-02-07,01:26,Sun,169,True,P41 - P+R Capelsebrug,370
2021-02-07,01:27,Sun,169,True,P41 - P+R Capelsebrug,370
2021-02-07,01:28,Sun,169,True,P41 - P+R Capelsebrug,370
2021-02-07,01:29,Sun,169,True,P41 - P+R Capelsebrug,370
2021-02-07,01:30,Sun,169,True,P41 - P+R Capelsebrug,370
2021-02-07,01:31,Sun,169,True,P41 - P+R Capelsebrug,370
2021-02-07,01:32,Sun,169,True,P41 - P+R Capelsebrug,370
2021-02-07,01:33,Sun,169,True,P41 - P+R Capelsebrug,370
2021-02-07,01:34,Sun,169,True,P41 - P+R Capelsebrug,370
2021-02-07,01:35,Sun,169,True,P41 - P+R Capelsebrug,370
2021-02-07,01:36,Sun,169,True,P41 - P+R Capelsebrug,370
2021-02-07,01:37,Sun,169,True,P41 - P+R Capelsebrug,370
2021-02-07,01:38,Sun,169,True,P41 - P+R Capelsebrug,370
2021-02-07,01:39,Sun,169,True,P41 - P+R Capelsebrug,370
2021-02-07,01:40,Sun,169,True,P41 - P+R Capelsebrug,370
2021-02-07,01:41,Sun,169,True,P41 - P+R Capelsebrug,370
2021-02-07,01:42,Sun,169,True,P41 - P+R Capelsebrug,370
2021-02-07,01:43,Sun,169,True,P41 - P+R Capelsebrug,370
2021-02-07,01:44,Sun,169,True,P41 - P+R Capelsebrug,370
2021-02-07,01:45,Sun,169,True,P41 - P+R Capelsebrug,370
2021-02-07,01:46,Sun,169,True,P41 - P+R Capelsebrug,370
2021-02-07,01:47,Sun,169,True,P41 - P+R Capelsebrug,370
2021-02-07,01:48,Sun,169,True,P41 - P+R Capelsebrug,370
2021-02-07,01:49,Sun,169,True,P41 - P+R Capelsebrug,370
2021-02-07,01:50,Sun,169,True,P41 - P+R Capelsebrug,370
2021-02-07,01:51,Sun,169,True,P41 - P+R Capelsebrug,370
2021-02-07,01:52,Sun,169,True,P41 - P+R Capelsebrug,370
2021-02-07,01:53,Sun,169,True,P41 - P+R Capelsebrug,370
2021-02-07,01:54,Sun,169,True,P41 - P+R Capelsebrug,370
2021-02-07,01:55,Sun,169,True,P41 - P+R Capelsebrug,370
2021-02-07,01:56,Sun,169,True,P41 - P+R Capelsebrug,370
2021-02-07,01:57,Sun,169,True,P41 - P+R Capelsebrug,370
2021-02-07,01:58,Sun,169,True,P41 - P+R Capelsebrug,370
2021-02-07,01:59,Sun,169,True,P41 - P+R Capelsebrug,370
2021-02-07,02:00,Sun,169,True,P41 - P+R Capelsebrug,370
2021-02-07,02:01,Sun,169,True,P41 - P+R Capelsebrug,370
2021-02-07,02:02,Sun,169,True,P41 - P+R Capelsebrug,370
2021-02-07,02:03,Sun,169,True,P41 - P+R Capelsebrug,370
2021-02-07,02:04,Sun,169,True,P41 - P+R Capelsebrug,370
2021-02-07,02:05,Sun,169,True,P41 - P+R Capelsebrug,370
2021-02-07,02:06,Sun,169,True,P41 - P+R Capelsebrug,370
2021-02-07,02:07,Sun,169,True,P41 - P+R Capelsebrug,370
2021-02-07,02:08,Sun,169,True,P41 - P+R Capelsebrug,370
2021-02-07,02:09,Sun,169,True,P41 - P+R Capelsebrug,370
2021-02-07,02:10,Sun,169,True,P41 - P+R Capelsebrug,370
2021-02-07,02:11,Sun,169,True,P41 - P+R Capelsebrug,370
2021-02-07,02:12,Sun,169,True,P41 - P+R Capelsebrug,370
2021-02-07,02:13,Sun,169,True,P41 - P+R Capelsebrug,370
2021-02-07,02:14,Sun,169,True,P41 - P+R Capelsebrug,370
2021-02-07,02:15,Sun,169,True,P41 - P+R Capelsebrug,370
2021-02-07,02:16,Sun,169,True,P41 - P+R Capelsebrug,370
2021-02-07,02:17,Sun,169,True,P41 - P+R Capelsebrug,370
2021-02-07,02:18,Sun,169,True,P41 - P+R Capelsebrug,370
2021-02-07,02:19,Sun,169,True,P41 - P+R Capelsebrug,370
2021-02-07,02:20,Sun,169,True,P41 - P+R Capelsebrug,370
2021-02-07,02:21,Sun,169,True,P41 - P+R Capelsebrug,370
2021-02-07,02:22,Sun,169,True,P41 - P+R Capelsebrug,370
2021-02-07,02:23,Sun,169,True,P41 - P+R Capelsebrug,370
2021-02-07,02:24,Sun,169,True,P41 - P+R Capelsebrug,370
2021-02-07,02:25,Sun,169,True,P41 - P+R Capelsebrug,370
2021-02-07,02:26,Sun,169,True,P41 - P+R Capelsebrug,370
2021-02-07,02:27,Sun,169,True,P41 - P+R Capelsebrug,370
2021-02-07,02:28,Sun,169,True,P41 - P+R Capelsebrug,370
2021-02-07,02:29,Sun,169,True,P41 - P+R Capelsebrug,370
2021-02-07,02:30,Sun,169,True,P41 - P+R Capelsebrug,370
2021-02-07,02:31,Sun,169,True,P41 - P+R Capelsebrug,370
2021-02-07,02:32,Sun,169,True,P41 - P+R Capelsebrug,370
2021-02-07,02:33,Sun,169,True,P41 - P+R Capelsebrug,370
2021-02-07,02:34,Sun,169,True,P41 - P+R Capelsebrug,370
2021-02-07,02:35,Sun,169,True,P41 - P+R Capelsebrug,370
2021-02-07,02:36,Sun,169,True,P41 - P+R Capelsebrug,370
2021-02-07,02:37,Sun,169,True,P41 - P+R Capelsebrug,370
2021-02-07,02:38,Sun,169,True,P41 - P+R Capelsebrug,370
2021-02-07,02:39,Sun,169,True,P41 - P+R Capelsebrug,370
2021-02-07,02:40,Sun,169,True,P41 - P+R Capelsebrug,370
2021-02-07,02:41,Sun,169,True,P41 - P+R Capelsebrug,370
2021-02-07,02:42,Sun,169,True,P41 - P+R Capelsebrug,370
2021-02-07,02:43,Sun,168,True,P41 - P+R Capelsebrug,370
2021-02-07,02:44,Sun,168,True,P41 - P+R Capelsebrug,370
2021-02-07,02:45,Sun,168,True,P41 - P+R Capelsebrug,370
2021-02-07,02:46,Sun,168,True,P41 - P+R Capelsebrug,370
2021-02-07,02:47,Sun,168,True,P41 - P+R Capelsebrug,370
2021-02-07,02:48,Sun,168,True,P41 - P+R Capelsebrug,370
2021-02-07,02:49,Sun,168,True,P41 - P+R Capelsebrug,370
2021-02-07,02:50,Sun,168,True,P41 - P+R Capelsebrug,370
2021-02-07,02:51,Sun,168,True,P41 - P+R Capelsebrug,370
2021-02-07,02:52,Sun,168,True,P41 - P+R Capelsebrug,370
2021-02-07,02:53,Sun,168,True,P41 - P+R Capelsebrug,370
2021-02-07,02:54,Sun,168,True,P41 - P+R Capelsebrug,370
2021-02-07,02:55,Sun,168,True,P41 - P+R Capelsebrug,370
2021-02-07,02:56,Sun,168,True,P41 - P+R Capelsebrug,370
2021-02-07,02:57,Sun,168,True,P41 - P+R Capelsebrug,370
2021-02-07,02:58,Sun,168,True,P41 - P+R Capelsebrug,370
2021-02-07,02:59,Sun,168,True,P41 - P+R Capelsebrug,370
2021-02-07,03:00,Sun,168,True,P41 - P+R Capelsebrug,370
2021-02-07,03:01,Sun,168,True,P41 - P+R Capelsebrug,370
2021-02-07,03:02,Sun,168,True,P41 - P+R Capelsebrug,370
2021-02-07,03:03,Sun,168,True,P41 - P+R Capelsebrug,370
2021-02-07,03:04,Sun,168,True,P41 - P+R Capelsebrug,370
2021-02-07,03:05,Sun,168,True,P41 - P+R Capelsebrug,370
2021-02-07,03:06,Sun,168,True,P41 - P+R Capelsebrug,370
2021-02-07,03:07,Sun,168,True,P41 - P+R Capelsebrug,370
2021-02-07,03:08,Sun,168,True,P41 - P+R Capelsebrug,370
2021-02-07,03:09,Sun,168,True,P41 - P+R Capelsebrug,370
2021-02-07,03:10,Sun,168,True,P41 - P+R Capelsebrug,370
2021-02-07,03:11,Sun,168,True,P41 - P+R Capelsebrug,370
2021-02-07,03:12,Sun,168,True,P41 - P+R Capelsebrug,370
2021-02-07,03:13,Sun,168,True,P41 - P+R Capelsebrug,370
2021-02-07,03:14,Sun,168,True,P41 - P+R Capelsebrug,370
2021-02-07,03:15,Sun,168,True,P41 - P+R Capelsebrug,370
2021-02-07,03:16,Sun,168,True,P41 - P+R Capelsebrug,370
2021-02-07,03:17,Sun,168,True,P41 - P+R Capelsebrug,370
2021-02-07,03:18,Sun,168,True,P41 - P+R Capelsebrug,370
2021-02-07,03:19,Sun,168,True,P41 - P+R Capelsebrug,370
2021-02-07,03:20,Sun,168,True,P41 - P+R Capelsebrug,370
2021-02-07,03:21,Sun,168,True,P41 - P+R Capelsebrug,370
2021-02-07,03:22,Sun,168,True,P41 - P+R Capelsebrug,370
2021-02-07,03:23,Sun,168,True,P41 - P+R Capelsebrug,370
2021-02-07,03:24,Sun,168,True,P41 - P+R Capelsebrug,370
2021-02-07,03:25,Sun,168,True,P41 - P+R Capelsebrug,370
2021-02-07,03:26,Sun,168,True,P41 - P+R Capelsebrug,370
2021-02-07,03:27,Sun,168,True,P41 - P+R Capelsebrug,370
2021-02-07,03:28,Sun,168,True,P41 - P+R Capelsebrug,370
2021-02-07,03:29,Sun,168,True,P41 - P+R Capelsebrug,370
2021-02-07,03:30,Sun,168,True,P41 - P+R Capelsebrug,370
2021-02-07,03:31,Sun,168,True,P41 - P+R Capelsebrug,370
2021-02-07,03:32,Sun,168,True,P41 - P+R Capelsebrug,370
2021-02-07,03:33,Sun,168,True,P41 - P+R Capelsebrug,370
2021-02-07,03:34,Sun,168,True,P41 - P+R Capelsebrug,370
2021-02-07,03:35,Sun,168,True,P41 - P+R Capelsebrug,370
2021-02-07,03:36,Sun,168,True,P41 - P+R Capelsebrug,370
2021-02-07,03:37,Sun,168,True,P41 - P+R Capelsebrug,370
2021-02-07,03:38,Sun,168,True,P41 - P+R Capelsebrug,370
2021-02-07,03:39,Sun,168,True,P41 - P+R Capelsebrug,370
2021-02-07,03:40,Sun,168,True,P41 - P+R Capelsebrug,370
2021-02-07,03:41,Sun,168,True,P41 - P+R Capelsebrug,370
2021-02-07,03:42,Sun,168,True,P41 - P+R Capelsebrug,370
2021-02-07,03:43,Sun,168,True,P41 - P+R Capelsebrug,370
2021-02-07,03:44,Sun,168,True,P41 - P+R Capelsebrug,370
2021-02-07,03:45,Sun,168,True,P41 - P+R Capelsebrug,370
2021-02-07,03:46,Sun,168,True,P41 - P+R Capelsebrug,370
2021-02-07,03:47,Sun,168,True,P41 - P+R Capelsebrug,370
2021-02-07,03:48,Sun,168,True,P41 - P+R Capelsebrug,370
2021-02-07,03:49,Sun,168,True,P41 - P+R Capelsebrug,370
2021-02-07,03:50,Sun,168,True,P41 - P+R Capelsebrug,370
2021-02-07,03:51,Sun,168,True,P41 - P+R Capelsebrug,370
2021-02-07,03:52,Sun,168,True,P41 - P+R Capelsebrug,370
2021-02-07,03:53,Sun,168,True,P41 - P+R Capelsebrug,370
2021-02-07,03:54,Sun,168,True,P41 - P+R Capelsebrug,370
2021-02-07,03:55,Sun,168,True,P41 - P+R Capelsebrug,370
2021-02-07,03:56,Sun,168,True,P41 - P+R Capelsebrug,370
2021-02-07,03:57,Sun,168,True,P41 - P+R Capelsebrug,370
2021-02-07,03:58,Sun,168,True,P41 - P+R Capelsebrug,370
2021-02-07,03:59,Sun,168,True,P41 - P+R Capelsebrug,370
2021-02-07,04:00,Sun,168,True,P41 - P+R Capelsebrug,370
2021-02-07,04:01,Sun,168,True,P41 - P+R Capelsebrug,370
2021-02-07,04:02,Sun,168,True,P41 - P+R Capelsebrug,370
2021-02-07,04:03,Sun,168,True,P41 - P+R Capelsebrug,370
2021-02-07,04:04,Sun,168,True,P41 - P+R Capelsebrug,370
2021-02-07,04:05,Sun,168,True,P41 - P+R Capelsebrug,370
2021-02-07,04:06,Sun,168,True,P41 - P+R Capelsebrug,370
2021-02-07,04:07,Sun,168,True,P41 - P+R Capelsebrug,370
2021-02-07,04:08,Sun,168,True,P41 - P+R Capelsebrug,370
2021-02-07,04:09,Sun,168,True,P41 - P+R Capelsebrug,370
2021-02-07,04:10,Sun,168,True,P41 - P+R Capelsebrug,370
2021-02-07,04:11,Sun,168,True,P41 - P+R Capelsebrug,370
2021-02-07,04:12,Sun,168,True,P41 - P+R Capelsebrug,370
2021-02-07,04:13,Sun,168,True,P41 - P+R Capelsebrug,370
2021-02-07,04:14,Sun,168,True,P41 - P+R Capelsebrug,370
2021-02-07,04:15,Sun,168,True,P41 - P+R Capelsebrug,370
2021-02-07,04:16,Sun,168,True,P41 - P+R Capelsebrug,370
2021-02-07,04:17,Sun,168,True,P41 - P+R Capelsebrug,370
2021-02-07,04:18,Sun,168,True,P41 - P+R Capelsebrug,370
2021-02-07,04:19,Sun,168,True,P41 - P+R Capelsebrug,370
2021-02-07,04:20,Sun,168,True,P41 - P+R Capelsebrug,370
2021-02-07,04:21,Sun,168,True,P41 - P+R Capelsebrug,370
2021-02-07,04:22,Sun,168,True,P41 - P+R Capelsebrug,370
2021-02-07,04:23,Sun,168,True,P41 - P+R Capelsebrug,370
2021-02-07,04:24,Sun,168,True,P41 - P+R Capelsebrug,370
2021-02-07,04:25,Sun,168,True,P41 - P+R Capelsebrug,370
2021-02-07,04:26,Sun,168,True,P41 - P+R Capelsebrug,370
2021-02-07,04:27,Sun,168,True,P41 - P+R Capelsebrug,370
2021-02-07,04:28,Sun,168,True,P41 - P+R Capelsebrug,370
2021-02-07,04:29,Sun,168,True,P41 - P+R Capelsebrug,370
2021-02-07,04:30,Sun,168,True,P41 - P+R Capelsebrug,370
2021-02-07,04:31,Sun,168,True,P41 - P+R Capelsebrug,370
2021-02-07,04:32,Sun,168,True,P41 - P+R Capelsebrug,370
2021-02-07,04:33,Sun,168,True,P41 - P+R Capelsebrug,370
2021-02-07,04:34,Sun,168,True,P41 - P+R Capelsebrug,370
2021-02-07,04:35,Sun,168,True,P41 - P+R Capelsebrug,370
2021-02-07,04:36,Sun,168,True,P41 - P+R Capelsebrug,370
2021-02-07,04:37,Sun,168,True,P41 - P+R Capelsebrug,370
2021-02-07,04:38,Sun,168,True,P41 - P+R Capelsebrug,370
2021-02-07,04:39,Sun,168,True,P41 - P+R Capelsebrug,370
2021-02-07,04:40,Sun,168,True,P41 - P+R Capelsebrug,370
2021-02-07,04:41,Sun,168,True,P41 - P+R Capelsebrug,370
2021-02-07,04:42,Sun,168,True,P41 - P+R Capelsebrug,370
2021-02-07,04:43,Sun,168,True,P41 - P+R Capelsebrug,370
2021-02-07,04:44,Sun,168,True,P41 - P+R Capelsebrug,370
2021-02-07,04:45,Sun,168,True,P41 - P+R Capelsebrug,370
2021-02-07,04:46,Sun,168,True,P41 - P+R Capelsebrug,370
2021-02-07,04:47,Sun,168,True,P41 - P+R Capelsebrug,370
2021-02-07,04:48,Sun,168,True,P41 - P+R Capelsebrug,370
2021-02-07,04:49,Sun,168,True,P41 - P+R Capelsebrug,370
2021-02-07,04:50,Sun,168,True,P41 - P+R Capelsebrug,370
2021-02-07,04:51,Sun,168,True,P41 - P+R Capelsebrug,370
2021-02-07,04:52,Sun,168,True,P41 - P+R Capelsebrug,370
2021-02-07,04:53,Sun,168,True,P41 - P+R Capelsebrug,370
2021-02-07,04:54,Sun,168,True,P41 - P+R Capelsebrug,370
2021-02-07,04:55,Sun,168,True,P41 - P+R Capelsebrug,370
2021-02-07,04:56,Sun,168,True,P41 - P+R Capelsebrug,370
2021-02-07,04:57,Sun,168,True,P41 - P+R Capelsebrug,370
2021-02-07,04:58,Sun,168,True,P41 - P+R Capelsebrug,370
2021-02-07,04:59,Sun,168,True,P41 - P+R Capelsebrug,370
2021-02-07,05:00,Sun,168,True,P41 - P+R Capelsebrug,370
2021-02-07,05:01,Sun,168,True,P41 - P+R Capelsebrug,370
2021-02-07,05:02,Sun,168,True,P41 - P+R Capelsebrug,370
2021-02-07,05:03,Sun,168,True,P41 - P+R Capelsebrug,370
2021-02-07,05:04,Sun,168,True,P41 - P+R Capelsebrug,370
2021-02-07,05:05,Sun,168,True,P41 - P+R Capelsebrug,370
2021-02-07,05:06,Sun,168,True,P41 - P+R Capelsebrug,370
2021-02-07,05:07,Sun,168,True,P41 - P+R Capelsebrug,370
2021-02-07,05:08,Sun,168,True,P41 - P+R Capelsebrug,370
2021-02-07,05:09,Sun,168,True,P41 - P+R Capelsebrug,370
2021-02-07,05:10,Sun,168,True,P41 - P+R Capelsebrug,370
2021-02-07,05:11,Sun,168,True,P41 - P+R Capelsebrug,370
2021-02-07,05:12,Sun,168,True,P41 - P+R Capelsebrug,370
2021-02-07,05:13,Sun,168,True,P41 - P+R Capelsebrug,370
2021-02-07,05:14,Sun,168,True,P41 - P+R Capelsebrug,370
2021-02-07,05:15,Sun,168,True,P41 - P+R Capelsebrug,370
2021-02-07,05:16,Sun,168,True,P41 - P+R Capelsebrug,370
2021-02-07,05:17,Sun,168,True,P41 - P+R Capelsebrug,370
2021-02-07,05:18,Sun,168,True,P41 - P+R Capelsebrug,370
2021-02-07,05:19,Sun,168,True,P41 - P+R Capelsebrug,370
2021-02-07,05:20,Sun,168,True,P41 - P+R Capelsebrug,370
2021-02-07,05:21,Sun,168,True,P41 - P+R Capelsebrug,370
2021-02-07,05:22,Sun,168,True,P41 - P+R Capelsebrug,370
2021-02-07,05:23,Sun,168,True,P41 - P+R Capelsebrug,370
2021-02-07,05:24,Sun,168,True,P41 - P+R Capelsebrug,370
2021-02-07,05:25,Sun,168,True,P41 - P+R Capelsebrug,370
2021-02-07,05:26,Sun,168,True,P41 - P+R Capelsebrug,370
2021-02-07,05:27,Sun,168,True,P41 - P+R Capelsebrug,370
2021-02-07,05:28,Sun,168,True,P41 - P+R Capelsebrug,370
2021-02-07,05:29,Sun,168,True,P41 - P+R Capelsebrug,370
2021-02-07,05:30,Sun,168,True,P41 - P+R Capelsebrug,370
2021-02-07,05:31,Sun,168,True,P41 - P+R Capelsebrug,370
2021-02-07,05:32,Sun,168,True,P41 - P+R Capelsebrug,370
2021-02-07,05:33,Sun,168,True,P41 - P+R Capelsebrug,370
2021-02-07,05:34,Sun,168,True,P41 - P+R Capelsebrug,370
2021-02-07,05:35,Sun,168,True,P41 - P+R Capelsebrug,370
2021-02-07,05:36,Sun,168,True,P41 - P+R Capelsebrug,370
2021-02-07,05:37,Sun,168,True,P41 - P+R Capelsebrug,370
2021-02-07,05:38,Sun,167,True,P41 - P+R Capelsebrug,370
2021-02-07,05:39,Sun,167,True,P41 - P+R Capelsebrug,370
2021-02-07,05:40,Sun,166,True,P41 - P+R Capelsebrug,370
2021-02-07,05:41,Sun,166,True,P41 - P+R Capelsebrug,370
2021-02-07,05:42,Sun,165,True,P41 - P+R Capelsebrug,370
2021-02-07,05:43,Sun,165,True,P41 - P+R Capelsebrug,370
2021-02-07,05:44,Sun,165,True,P41 - P+R Capelsebrug,370
2021-02-07,05:45,Sun,165,True,P41 - P+R Capelsebrug,370
2021-02-07,05:46,Sun,165,True,P41 - P+R Capelsebrug,370
2021-02-07,05:47,Sun,165,True,P41 - P+R Capelsebrug,370
2021-02-07,05:48,Sun,165,True,P41 - P+R Capelsebrug,370
2021-02-07,05:49,Sun,165,True,P41 - P+R Capelsebrug,370
2021-02-07,05:50,Sun,165,True,P41 - P+R Capelsebrug,370
2021-02-07,05:51,Sun,165,True,P41 - P+R Capelsebrug,370
2021-02-07,05:52,Sun,165,True,P41 - P+R Capelsebrug,370
2021-02-07,05:53,Sun,165,True,P41 - P+R Capelsebrug,370
2021-02-07,05:54,Sun,165,True,P41 - P+R Capelsebrug,370
2021-02-07,05:55,Sun,165,True,P41 - P+R Capelsebrug,370
2021-02-07,05:56,Sun,165,True,P41 - P+R Capelsebrug,370
2021-02-07,05:57,Sun,165,True,P41 - P+R Capelsebrug,370
2021-02-07,05:58,Sun,165,True,P41 - P+R Capelsebrug,370
2021-02-07,05:59,Sun,165,True,P41 - P+R Capelsebrug,370
2021-02-07,06:00,Sun,165,True,P41 - P+R Capelsebrug,370
2021-02-07,06:01,Sun,165,True,P41 - P+R Capelsebrug,370
2021-02-07,06:02,Sun,165,True,P41 - P+R Capelsebrug,370
2021-02-07,06:03,Sun,165,True,P41 - P+R Capelsebrug,370
2021-02-07,06:04,Sun,165,True,P41 - P+R Capelsebrug,370
2021-02-07,06:05,Sun,165,True,P41 - P+R Capelsebrug,370
2021-02-07,06:06,Sun,165,True,P41 - P+R Capelsebrug,370
2021-02-07,06:07,Sun,165,True,P41 - P+R Capelsebrug,370
2021-02-07,06:08,Sun,165,True,P41 - P+R Capelsebrug,370
2021-02-07,06:09,Sun,165,True,P41 - P+R Capelsebrug,370
2021-02-07,06:10,Sun,165,True,P41 - P+R Capelsebrug,370
2021-02-07,06:11,Sun,165,True,P41 - P+R Capelsebrug,370
2021-02-07,06:12,Sun,165,True,P41 - P+R Capelsebrug,370
2021-02-07,06:13,Sun,165,True,P41 - P+R Capelsebrug,370
2021-02-07,06:14,Sun,165,True,P41 - P+R Capelsebrug,370
2021-02-07,06:15,Sun,165,True,P41 - P+R Capelsebrug,370
2021-02-07,06:16,Sun,165,True,P41 - P+R Capelsebrug,370
2021-02-07,06:17,Sun,165,True,P41 - P+R Capelsebrug,370
2021-02-07,06:18,Sun,165,True,P41 - P+R Capelsebrug,370
2021-02-07,06:19,Sun,165,True,P41 - P+R Capelsebrug,370
2021-02-07,06:20,Sun,165,True,P41 - P+R Capelsebrug,370
2021-02-07,06:21,Sun,165,True,P41 - P+R Capelsebrug,370
2021-02-07,06:22,Sun,165,True,P41 - P+R Capelsebrug,370
2021-02-07,06:23,Sun,165,True,P41 - P+R Capelsebrug,370
2021-02-07,06:24,Sun,165,True,P41 - P+R Capelsebrug,370
2021-02-07,06:25,Sun,165,True,P41 - P+R Capelsebrug,370
2021-02-07,06:26,Sun,165,True,P41 - P+R Capelsebrug,370
2021-02-07,06:27,Sun,165,True,P41 - P+R Capelsebrug,370
2021-02-07,06:28,Sun,165,True,P41 - P+R Capelsebrug,370
2021-02-07,06:29,Sun,165,True,P41 - P+R Capelsebrug,370
2021-02-07,06:30,Sun,165,True,P41 - P+R Capelsebrug,370
2021-02-07,06:31,Sun,165,True,P41 - P+R Capelsebrug,370
2021-02-07,06:32,Sun,165,True,P41 - P+R Capelsebrug,370
2021-02-07,06:33,Sun,165,True,P41 - P+R Capelsebrug,370
2021-02-07,06:34,Sun,165,True,P41 - P+R Capelsebrug,370
2021-02-07,06:35,Sun,165,True,P41 - P+R Capelsebrug,370
2021-02-07,06:36,Sun,165,True,P41 - P+R Capelsebrug,370
2021-02-07,06:37,Sun,165,True,P41 - P+R Capelsebrug,370
2021-02-07,06:38,Sun,165,True,P41 - P+R Capelsebrug,370
2021-02-07,06:39,Sun,165,True,P41 - P+R Capelsebrug,370
2021-02-07,06:40,Sun,165,True,P41 - P+R Capelsebrug,370
2021-02-07,06:41,Sun,165,True,P41 - P+R Capelsebrug,370
2021-02-07,06:42,Sun,165,True,P41 - P+R Capelsebrug,370
2021-02-07,06:43,Sun,165,True,P41 - P+R Capelsebrug,370
2021-02-07,06:44,Sun,165,True,P41 - P+R Capelsebrug,370
2021-02-07,06:45,Sun,165,True,P41 - P+R Capelsebrug,370
2021-02-07,06:46,Sun,165,True,P41 - P+R Capelsebrug,370
2021-02-07,06:47,Sun,165,True,P41 - P+R Capelsebrug,370
2021-02-07,06:48,Sun,165,True,P41 - P+R Capelsebrug,370
2021-02-07,06:49,Sun,165,True,P41 - P+R Capelsebrug,370
2021-02-07,06:50,Sun,165,True,P41 - P+R Capelsebrug,370
2021-02-07,06:51,Sun,165,True,P41 - P+R Capelsebrug,370
2021-02-07,06:52,Sun,165,True,P41 - P+R Capelsebrug,370
2021-02-07,06:53,Sun,165,True,P41 - P+R Capelsebrug,370
2021-02-07,06:54,Sun,165,True,P41 - P+R Capelsebrug,370
2021-02-07,06:55,Sun,165,True,P41 - P+R Capelsebrug,370
2021-02-07,06:56,Sun,165,True,P41 - P+R Capelsebrug,370
2021-02-07,06:57,Sun,165,True,P41 - P+R Capelsebrug,370
2021-02-07,06:58,Sun,165,True,P41 - P+R Capelsebrug,370
2021-02-07,06:59,Sun,165,True,P41 - P+R Capelsebrug,370
2021-02-07,07:00,Sun,165,True,P41 - P+R Capelsebrug,370
2021-02-07,07:01,Sun,165,True,P41 - P+R Capelsebrug,370
2021-02-07,07:02,Sun,165,True,P41 - P+R Capelsebrug,370
2021-02-07,07:03,Sun,165,True,P41 - P+R Capelsebrug,370
2021-02-07,07:04,Sun,165,True,P41 - P+R Capelsebrug,370
2021-02-07,07:05,Sun,165,True,P41 - P+R Capelsebrug,370
2021-02-07,07:06,Sun,165,True,P41 - P+R Capelsebrug,370
2021-02-07,07:07,Sun,165,True,P41 - P+R Capelsebrug,370
2021-02-07,07:08,Sun,165,True,P41 - P+R Capelsebrug,370
2021-02-07,07:09,Sun,165,True,P41 - P+R Capelsebrug,370
2021-02-07,07:10,Sun,165,True,P41 - P+R Capelsebrug,370
2021-02-07,07:11,Sun,165,True,P41 - P+R Capelsebrug,370
2021-02-07,07:12,Sun,165,True,P41 - P+R Capelsebrug,370
2021-02-07,07:13,Sun,164,True,P41 - P+R Capelsebrug,370
2021-02-07,07:14,Sun,165,True,P41 - P+R Capelsebrug,370
2021-02-07,07:15,Sun,165,True,P41 - P+R Capelsebrug,370
2021-02-07,07:16,Sun,165,True,P41 - P+R Capelsebrug,370
2021-02-07,07:17,Sun,165,True,P41 - P+R Capelsebrug,370
2021-02-07,07:18,Sun,165,True,P41 - P+R Capelsebrug,370
2021-02-07,07:19,Sun,165,True,P41 - P+R Capelsebrug,370
2021-02-07,07:20,Sun,165,True,P41 - P+R Capelsebrug,370
2021-02-07,07:21,Sun,165,True,P41 - P+R Capelsebrug,370
2021-02-07,07:22,Sun,165,True,P41 - P+R Capelsebrug,370
2021-02-07,07:23,Sun,165,True,P41 - P+R Capelsebrug,370
2021-02-07,07:24,Sun,165,True,P41 - P+R Capelsebrug,370
2021-02-07,07:25,Sun,165,True,P41 - P+R Capelsebrug,370
2021-02-07,07:26,Sun,165,True,P41 - P+R Capelsebrug,370
2021-02-07,07:27,Sun,165,True,P41 - P+R Capelsebrug,370
2021-02-07,07:28,Sun,165,True,P41 - P+R Capelsebrug,370
2021-02-07,07:29,Sun,165,True,P41 - P+R Capelsebrug,370
2021-02-07,07:30,Sun,165,True,P41 - P+R Capelsebrug,370
2021-02-07,07:31,Sun,165,True,P41 - P+R Capelsebrug,370
2021-02-07,07:32,Sun,165,True,P41 - P+R Capelsebrug,370
2021-02-07,07:33,Sun,165,True,P41 - P+R Capelsebrug,370
2021-02-07,07:34,Sun,165,True,P41 - P+R Capelsebrug,370
2021-02-07,07:35,Sun,165,True,P41 - P+R Capelsebrug,370
2021-02-07,07:36,Sun,165,True,P41 - P+R Capelsebrug,370
2021-02-07,07:37,Sun,165,True,P41 - P+R Capelsebrug,370
2021-02-07,07:38,Sun,165,True,P41 - P+R Capelsebrug,370
2021-02-07,07:39,Sun,165,True,P41 - P+R Capelsebrug,370
2021-02-07,07:40,Sun,165,True,P41 - P+R Capelsebrug,370
2021-02-07,07:41,Sun,165,True,P41 - P+R Capelsebrug,370
2021-02-07,07:42,Sun,165,True,P41 - P+R Capelsebrug,370
2021-02-07,07:43,Sun,165,True,P41 - P+R Capelsebrug,370
2021-02-07,07:44,Sun,165,True,P41 - P+R Capelsebrug,370
2021-02-07,07:45,Sun,165,True,P41 - P+R Capelsebrug,370
2021-02-07,07:46,Sun,165,True,P41 - P+R Capelsebrug,370
2021-02-07,07:47,Sun,165,True,P41 - P+R Capelsebrug,370
2021-02-07,07:48,Sun,165,True,P41 - P+R Capelsebrug,370
2021-02-07,07:49,Sun,165,True,P41 - P+R Capelsebrug,370
2021-02-07,07:50,Sun,164,True,P41 - P+R Capelsebrug,370
2021-02-07,07:51,Sun,164,True,P41 - P+R Capelsebrug,370
2021-02-07,07:52,Sun,164,True,P41 - P+R Capelsebrug,370
2021-02-07,07:53,Sun,164,True,P41 - P+R Capelsebrug,370
2021-02-07,07:54,Sun,164,True,P41 - P+R Capelsebrug,370
2021-02-07,07:55,Sun,164,True,P41 - P+R Capelsebrug,370
2021-02-07,07:56,Sun,164,True,P41 - P+R Capelsebrug,370
2021-02-07,07:57,Sun,164,True,P41 - P+R Capelsebrug,370
2021-02-07,07:58,Sun,164,True,P41 - P+R Capelsebrug,370
2021-02-07,07:59,Sun,164,True,P41 - P+R Capelsebrug,370
2021-02-07,08:00,Sun,164,True,P41 - P+R Capelsebrug,370
2021-02-07,08:01,Sun,164,True,P41 - P+R Capelsebrug,370
2021-02-07,08:02,Sun,164,True,P41 - P+R Capelsebrug,370
2021-02-07,08:03,Sun,164,True,P41 - P+R Capelsebrug,370
2021-02-07,08:04,Sun,164,True,P41 - P+R Capelsebrug,370
2021-02-07,08:05,Sun,163,True,P41 - P+R Capelsebrug,370
2021-02-07,08:06,Sun,163,True,P41 - P+R Capelsebrug,370
2021-02-07,08:07,Sun,163,True,P41 - P+R Capelsebrug,370
2021-02-07,08:08,Sun,163,True,P41 - P+R Capelsebrug,370
2021-02-07,08:09,Sun,163,True,P41 - P+R Capelsebrug,370
2021-02-07,08:10,Sun,161,True,P41 - P+R Capelsebrug,370
2021-02-07,08:11,Sun,161,True,P41 - P+R Capelsebrug,370
2021-02-07,08:12,Sun,163,True,P41 - P+R Capelsebrug,370
2021-02-07,08:13,Sun,163,True,P41 - P+R Capelsebrug,370
2021-02-07,08:14,Sun,163,True,P41 - P+R Capelsebrug,370
2021-02-07,08:15,Sun,163,True,P41 - P+R Capelsebrug,370
2021-02-07,08:16,Sun,163,True,P41 - P+R Capelsebrug,370
2021-02-07,08:17,Sun,163,True,P41 - P+R Capelsebrug,370
2021-02-07,08:18,Sun,163,True,P41 - P+R Capelsebrug,370
2021-02-07,08:19,Sun,163,True,P41 - P+R Capelsebrug,370
2021-02-07,08:20,Sun,163,True,P41 - P+R Capelsebrug,370
2021-02-07,08:21,Sun,163,True,P41 - P+R Capelsebrug,370
2021-02-07,08:22,Sun,164,True,P41 - P+R Capelsebrug,370
2021-02-07,08:23,Sun,164,True,P41 - P+R Capelsebrug,370
2021-02-07,08:24,Sun,164,True,P41 - P+R Capelsebrug,370
2021-02-07,08:25,Sun,164,True,P41 - P+R Capelsebrug,370
2021-02-07,08:26,Sun,164,True,P41 - P+R Capelsebrug,370
2021-02-07,08:27,Sun,164,True,P41 - P+R Capelsebrug,370
2021-02-07,08:28,Sun,164,True,P41 - P+R Capelsebrug,370
2021-02-07,08:29,Sun,164,True,P41 - P+R Capelsebrug,370
2021-02-07,08:30,Sun,164,True,P41 - P+R Capelsebrug,370
2021-02-07,08:31,Sun,164,True,P41 - P+R Capelsebrug,370
2021-02-07,08:32,Sun,164,True,P41 - P+R Capelsebrug,370
2021-02-07,08:33,Sun,164,True,P41 - P+R Capelsebrug,370
2021-02-07,08:34,Sun,164,True,P41 - P+R Capelsebrug,370
2021-02-07,08:35,Sun,164,True,P41 - P+R Capelsebrug,370
2021-02-07,08:36,Sun,164,True,P41 - P+R Capelsebrug,370
2021-02-07,08:37,Sun,164,True,P41 - P+R Capelsebrug,370
2021-02-07,08:38,Sun,163,True,P41 - P+R Capelsebrug,370
2021-02-07,08:39,Sun,163,True,P41 - P+R Capelsebrug,370
2021-02-07,08:40,Sun,163,True,P41 - P+R Capelsebrug,370
2021-02-07,08:41,Sun,163,True,P41 - P+R Capelsebrug,370
2021-02-07,08:42,Sun,163,True,P41 - P+R Capelsebrug,370
2021-02-07,08:43,Sun,163,True,P41 - P+R Capelsebrug,370
2021-02-07,08:44,Sun,163,True,P41 - P+R Capelsebrug,370
2021-02-07,08:45,Sun,163,True,P41 - P+R Capelsebrug,370
2021-02-07,08:46,Sun,163,True,P41 - P+R Capelsebrug,370
2021-02-07,08:47,Sun,163,True,P41 - P+R Capelsebrug,370
2021-02-07,08:48,Sun,163,True,P41 - P+R Capelsebrug,370
2021-02-07,08:49,Sun,163,True,P41 - P+R Capelsebrug,370
2021-02-07,08:50,Sun,163,True,P41 - P+R Capelsebrug,370
2021-02-07,08:51,Sun,163,True,P41 - P+R Capelsebrug,370
2021-02-07,08:52,Sun,163,True,P41 - P+R Capelsebrug,370
2021-02-07,08:53,Sun,163,True,P41 - P+R Capelsebrug,370
2021-02-07,08:54,Sun,163,True,P41 - P+R Capelsebrug,370
2021-02-07,08:55,Sun,163,True,P41 - P+R Capelsebrug,370
2021-02-07,08:56,Sun,163,True,P41 - P+R Capelsebrug,370
2021-02-07,08:57,Sun,163,True,P41 - P+R Capelsebrug,370
2021-02-07,08:58,Sun,163,True,P41 - P+R Capelsebrug,370
2021-02-07,08:59,Sun,163,True,P41 - P+R Capelsebrug,370
2021-02-07,09:00,Sun,163,True,P41 - P+R Capelsebrug,370
2021-02-07,09:01,Sun,163,True,P41 - P+R Capelsebrug,370
2021-02-07,09:02,Sun,163,True,P41 - P+R Capelsebrug,370
2021-02-07,09:03,Sun,163,True,P41 - P+R Capelsebrug,370
2021-02-07,09:04,Sun,163,True,P41 - P+R Capelsebrug,370
2021-02-07,09:05,Sun,163,True,P41 - P+R Capelsebrug,370
2021-02-07,09:06,Sun,163,True,P41 - P+R Capelsebrug,370
2021-02-07,09:07,Sun,163,True,P41 - P+R Capelsebrug,370
2021-02-07,09:08,Sun,163,True,P41 - P+R Capelsebrug,370
2021-02-07,09:09,Sun,163,True,P41 - P+R Capelsebrug,370
2021-02-07,09:10,Sun,163,True,P41 - P+R Capelsebrug,370
2021-02-07,09:11,Sun,164,True,P41 - P+R Capelsebrug,370
2021-02-07,09:12,Sun,164,True,P41 - P+R Capelsebrug,370
2021-02-07,09:13,Sun,164,True,P41 - P+R Capelsebrug,370
2021-02-07,09:14,Sun,163,True,P41 - P+R Capelsebrug,370
2021-02-07,09:15,Sun,163,True,P41 - P+R Capelsebrug,370
2021-02-07,09:16,Sun,163,True,P41 - P+R Capelsebrug,370
2021-02-07,09:17,Sun,163,True,P41 - P+R Capelsebrug,370
2021-02-07,09:18,Sun,163,True,P41 - P+R Capelsebrug,370
2021-02-07,09:19,Sun,163,True,P41 - P+R Capelsebrug,370
2021-02-07,09:20,Sun,163,True,P41 - P+R Capelsebrug,370
2021-02-07,09:21,Sun,163,True,P41 - P+R Capelsebrug,370
2021-02-07,09:22,Sun,163,True,P41 - P+R Capelsebrug,370
2021-02-07,09:23,Sun,163,True,P41 - P+R Capelsebrug,370
2021-02-07,09:24,Sun,163,True,P41 - P+R Capelsebrug,370
2021-02-07,09:25,Sun,163,True,P41 - P+R Capelsebrug,370
2021-02-07,09:26,Sun,163,True,P41 - P+R Capelsebrug,370
2021-02-07,09:27,Sun,163,True,P41 - P+R Capelsebrug,370
2021-02-07,09:28,Sun,163,True,P41 - P+R Capelsebrug,370
2021-02-07,09:29,Sun,163,True,P41 - P+R Capelsebrug,370
2021-02-07,09:30,Sun,163,True,P41 - P+R Capelsebrug,370
2021-02-07,09:31,Sun,163,True,P41 - P+R Capelsebrug,370
2021-02-07,09:32,Sun,163,True,P41 - P+R Capelsebrug,370
2021-02-07,09:33,Sun,163,True,P41 - P+R Capelsebrug,370
2021-02-07,09:34,Sun,163,True,P41 - P+R Capelsebrug,370
2021-02-07,09:35,Sun,163,True,P41 - P+R Capelsebrug,370
2021-02-07,09:36,Sun,163,True,P41 - P+R Capelsebrug,370
2021-02-07,09:37,Sun,163,True,P41 - P+R Capelsebrug,370
2021-02-07,09:38,Sun,163,True,P41 - P+R Capelsebrug,370
2021-02-07,09:39,Sun,163,True,P41 - P+R Capelsebrug,370
2021-02-07,09:40,Sun,163,True,P41 - P+R Capelsebrug,370
2021-02-07,09:41,Sun,163,True,P41 - P+R Capelsebrug,370
2021-02-07,09:42,Sun,163,True,P41 - P+R Capelsebrug,370
2021-02-07,09:43,Sun,163,True,P41 - P+R Capelsebrug,370
2021-02-07,09:44,Sun,163,True,P41 - P+R Capelsebrug,370
2021-02-07,09:45,Sun,163,True,P41 - P+R Capelsebrug,370
2021-02-07,09:46,Sun,163,True,P41 - P+R Capelsebrug,370
2021-02-07,09:47,Sun,163,True,P41 - P+R Capelsebrug,370
2021-02-07,09:48,Sun,163,True,P41 - P+R Capelsebrug,370
2021-02-07,09:49,Sun,163,True,P41 - P+R Capelsebrug,370
2021-02-07,09:50,Sun,163,True,P41 - P+R Capelsebrug,370
2021-02-07,09:51,Sun,163,True,P41 - P+R Capelsebrug,370
2021-02-07,09:52,Sun,163,True,P41 - P+R Capelsebrug,370
2021-02-07,09:53,Sun,163,True,P41 - P+R Capelsebrug,370
2021-02-07,09:54,Sun,163,True,P41 - P+R Capelsebrug,370
2021-02-07,09:55,Sun,163,True,P41 - P+R Capelsebrug,370
2021-02-07,09:56,Sun,163,True,P41 - P+R Capelsebrug,370
2021-02-07,09:57,Sun,163,True,P41 - P+R Capelsebrug,370
2021-02-07,09:58,Sun,163,True,P41 - P+R Capelsebrug,370
2021-02-07,09:59,Sun,163,True,P41 - P+R Capelsebrug,370
2021-02-07,10:00,Sun,163,True,P41 - P+R Capelsebrug,370
2021-02-07,10:01,Sun,163,True,P41 - P+R Capelsebrug,370
2021-02-07,10:02,Sun,163,True,P41 - P+R Capelsebrug,370
2021-02-07,10:03,Sun,163,True,P41 - P+R Capelsebrug,370
2021-02-07,10:04,Sun,163,True,P41 - P+R Capelsebrug,370
2021-02-07,10:05,Sun,163,True,P41 - P+R Capelsebrug,370
2021-02-07,10:06,Sun,163,True,P41 - P+R Capelsebrug,370
2021-02-07,10:07,Sun,163,True,P41 - P+R Capelsebrug,370
2021-02-07,10:08,Sun,163,True,P41 - P+R Capelsebrug,370
2021-02-07,10:09,Sun,163,True,P41 - P+R Capelsebrug,370
2021-02-07,10:10,Sun,163,True,P41 - P+R Capelsebrug,370
2021-02-07,10:11,Sun,163,True,P41 - P+R Capelsebrug,370
2021-02-07,10:12,Sun,163,True,P41 - P+R Capelsebrug,370
2021-02-07,10:13,Sun,163,True,P41 - P+R Capelsebrug,370
2021-02-07,10:14,Sun,163,True,P41 - P+R Capelsebrug,370
2021-02-07,10:15,Sun,163,True,P41 - P+R Capelsebrug,370
2021-02-07,10:16,Sun,163,True,P41 - P+R Capelsebrug,370
2021-02-07,10:17,Sun,163,True,P41 - P+R Capelsebrug,370
2021-02-07,10:18,Sun,163,True,P41 - P+R Capelsebrug,370
2021-02-07,10:19,Sun,163,True,P41 - P+R Capelsebrug,370
2021-02-07,10:20,Sun,163,True,P41 - P+R Capelsebrug,370
2021-02-07,10:21,Sun,163,True,P41 - P+R Capelsebrug,370
2021-02-07,10:22,Sun,163,True,P41 - P+R Capelsebrug,370
2021-02-07,10:23,Sun,163,True,P41 - P+R Capelsebrug,370
2021-02-07,10:24,Sun,163,True,P41 - P+R Capelsebrug,370
2021-02-07,10:25,Sun,163,True,P41 - P+R Capelsebrug,370
2021-02-07,10:26,Sun,163,True,P41 - P+R Capelsebrug,370
2021-02-07,10:27,Sun,162,True,P41 - P+R Capelsebrug,370
2021-02-07,10:28,Sun,162,True,P41 - P+R Capelsebrug,370
2021-02-07,10:29,Sun,162,True,P41 - P+R Capelsebrug,370
2021-02-07,10:30,Sun,162,True,P41 - P+R Capelsebrug,370
2021-02-07,10:31,Sun,162,True,P41 - P+R Capelsebrug,370
2021-02-07,10:32,Sun,162,True,P41 - P+R Capelsebrug,370
2021-02-07,10:33,Sun,162,True,P41 - P+R Capelsebrug,370
2021-02-07,10:34,Sun,162,True,P41 - P+R Capelsebrug,370
2021-02-07,10:35,Sun,162,True,P41 - P+R Capelsebrug,370
2021-02-07,10:36,Sun,162,True,P41 - P+R Capelsebrug,370
2021-02-07,10:37,Sun,162,True,P41 - P+R Capelsebrug,370
2021-02-07,10:38,Sun,162,True,P41 - P+R Capelsebrug,370
2021-02-07,10:39,Sun,162,True,P41 - P+R Capelsebrug,370
2021-02-07,10:40,Sun,162,True,P41 - P+R Capelsebrug,370
2021-02-07,10:41,Sun,162,True,P41 - P+R Capelsebrug,370
2021-02-07,10:42,Sun,162,True,P41 - P+R Capelsebrug,370
2021-02-07,10:43,Sun,162,True,P41 - P+R Capelsebrug,370
2021-02-07,10:44,Sun,161,True,P41 - P+R Capelsebrug,370
2021-02-07,10:45,Sun,161,True,P41 - P+R Capelsebrug,370
2021-02-07,10:46,Sun,161,True,P41 - P+R Capelsebrug,370
2021-02-07,10:47,Sun,161,True,P41 - P+R Capelsebrug,370
2021-02-07,10:48,Sun,161,True,P41 - P+R Capelsebrug,370
2021-02-07,10:49,Sun,161,True,P41 - P+R Capelsebrug,370
2021-02-07,10:50,Sun,161,True,P41 - P+R Capelsebrug,370
2021-02-07,10:51,Sun,160,True,P41 - P+R Capelsebrug,370
2021-02-07,10:52,Sun,160,True,P41 - P+R Capelsebrug,370
2021-02-07,10:53,Sun,160,True,P41 - P+R Capelsebrug,370
2021-02-07,10:54,Sun,160,True,P41 - P+R Capelsebrug,370
2021-02-07,10:55,Sun,160,True,P41 - P+R Capelsebrug,370
2021-02-07,10:56,Sun,160,True,P41 - P+R Capelsebrug,370
2021-02-07,10:57,Sun,161,True,P41 - P+R Capelsebrug,370
2021-02-07,10:58,Sun,161,True,P41 - P+R Capelsebrug,370
2021-02-07,10:59,Sun,161,True,P41 - P+R Capelsebrug,370
2021-02-07,11:00,Sun,161,True,P41 - P+R Capelsebrug,370
2021-02-07,11:01,Sun,161,True,P41 - P+R Capelsebrug,370
2021-02-07,11:02,Sun,161,True,P41 - P+R Capelsebrug,370
2021-02-07,11:03,Sun,161,True,P41 - P+R Capelsebrug,370
2021-02-07,11:04,Sun,161,True,P41 - P+R Capelsebrug,370
2021-02-07,11:05,Sun,161,True,P41 - P+R Capelsebrug,370
2021-02-07,11:06,Sun,161,True,P41 - P+R Capelsebrug,370
2021-02-07,11:07,Sun,161,True,P41 - P+R Capelsebrug,370
2021-02-07,11:08,Sun,161,True,P41 - P+R Capelsebrug,370
2021-02-07,11:09,Sun,160,True,P41 - P+R Capelsebrug,370
2021-02-07,11:10,Sun,160,True,P41 - P+R Capelsebrug,370
2021-02-07,11:11,Sun,160,True,P41 - P+R Capelsebrug,370
2021-02-07,11:12,Sun,160,True,P41 - P+R Capelsebrug,370
2021-02-07,11:13,Sun,160,True,P41 - P+R Capelsebrug,370
2021-02-07,11:14,Sun,160,True,P41 - P+R Capelsebrug,370
2021-02-07,11:15,Sun,160,True,P41 - P+R Capelsebrug,370
2021-02-07,11:16,Sun,160,True,P41 - P+R Capelsebrug,370
2021-02-07,11:17,Sun,160,True,P41 - P+R Capelsebrug,370
2021-02-07,11:18,Sun,160,True,P41 - P+R Capelsebrug,370
2021-02-07,11:19,Sun,160,True,P41 - P+R Capelsebrug,370
2021-02-07,11:20,Sun,160,True,P41 - P+R Capelsebrug,370
2021-02-07,11:21,Sun,160,True,P41 - P+R Capelsebrug,370
2021-02-07,11:22,Sun,160,True,P41 - P+R Capelsebrug,370
2021-02-07,11:23,Sun,160,True,P41 - P+R Capelsebrug,370
2021-02-07,11:24,Sun,160,True,P41 - P+R Capelsebrug,370
2021-02-07,11:25,Sun,160,True,P41 - P+R Capelsebrug,370
2021-02-07,11:26,Sun,160,True,P41 - P+R Capelsebrug,370
2021-02-07,11:27,Sun,160,True,P41 - P+R Capelsebrug,370
2021-02-07,11:28,Sun,160,True,P41 - P+R Capelsebrug,370
2021-02-07,11:29,Sun,160,True,P41 - P+R Capelsebrug,370
2021-02-07,11:30,Sun,160,True,P41 - P+R Capelsebrug,370
2021-02-07,11:31,Sun,160,True,P41 - P+R Capelsebrug,370
2021-02-07,11:32,Sun,160,True,P41 - P+R Capelsebrug,370
2021-02-07,11:33,Sun,160,True,P41 - P+R Capelsebrug,370
2021-02-07,11:34,Sun,160,True,P41 - P+R Capelsebrug,370
2021-02-07,11:35,Sun,160,True,P41 - P+R Capelsebrug,370
2021-02-07,11:36,Sun,160,True,P41 - P+R Capelsebrug,370
2021-02-07,11:37,Sun,160,True,P41 - P+R Capelsebrug,370
2021-02-07,11:38,Sun,160,True,P41 - P+R Capelsebrug,370
2021-02-07,11:39,Sun,160,True,P41 - P+R Capelsebrug,370
2021-02-07,11:40,Sun,160,True,P41 - P+R Capelsebrug,370
2021-02-07,11:41,Sun,160,True,P41 - P+R Capelsebrug,370
2021-02-07,11:42,Sun,160,True,P41 - P+R Capelsebrug,370
2021-02-07,11:43,Sun,160,True,P41 - P+R Capelsebrug,370
2021-02-07,11:44,Sun,160,True,P41 - P+R Capelsebrug,370
2021-02-07,11:45,Sun,160,True,P41 - P+R Capelsebrug,370
2021-02-07,11:46,Sun,160,True,P41 - P+R Capelsebrug,370
2021-02-07,11:47,Sun,160,True,P41 - P+R Capelsebrug,370
2021-02-07,11:48,Sun,160,True,P41 - P+R Capelsebrug,370
2021-02-07,11:49,Sun,160,True,P41 - P+R Capelsebrug,370
2021-02-07,11:50,Sun,160,True,P41 - P+R Capelsebrug,370
2021-02-07,11:51,Sun,160,True,P41 - P+R Capelsebrug,370
2021-02-07,11:52,Sun,160,True,P41 - P+R Capelsebrug,370
2021-02-07,11:53,Sun,160,True,P41 - P+R Capelsebrug,370
2021-02-07,11:54,Sun,160,True,P41 - P+R Capelsebrug,370
2021-02-07,11:55,Sun,160,True,P41 - P+R Capelsebrug,370
2021-02-07,11:56,Sun,159,True,P41 - P+R Capelsebrug,370
2021-02-07,11:57,Sun,159,True,P41 - P+R Capelsebrug,370
2021-02-07,11:58,Sun,159,True,P41 - P+R Capelsebrug,370
2021-02-07,11:59,Sun,159,True,P41 - P+R Capelsebrug,370
2021-02-07,12:00,Sun,159,True,P41 - P+R Capelsebrug,370
2021-02-07,12:01,Sun,159,True,P41 - P+R Capelsebrug,370
2021-02-07,12:02,Sun,159,True,P41 - P+R Capelsebrug,370
2021-02-07,12:03,Sun,159,True,P41 - P+R Capelsebrug,370
2021-02-07,12:04,Sun,159,True,P41 - P+R Capelsebrug,370
2021-02-07,12:05,Sun,160,True,P41 - P+R Capelsebrug,370
2021-02-07,12:06,Sun,160,True,P41 - P+R Capelsebrug,370
2021-02-07,12:07,Sun,160,True,P41 - P+R Capelsebrug,370
2021-02-07,12:08,Sun,160,True,P41 - P+R Capelsebrug,370
2021-02-07,12:09,Sun,160,True,P41 - P+R Capelsebrug,370
2021-02-07,12:10,Sun,160,True,P41 - P+R Capelsebrug,370
2021-02-07,12:11,Sun,160,True,P41 - P+R Capelsebrug,370
2021-02-07,12:12,Sun,160,True,P41 - P+R Capelsebrug,370
2021-02-07,12:13,Sun,159,True,P41 - P+R Capelsebrug,370
2021-02-07,12:14,Sun,159,True,P41 - P+R Capelsebrug,370
2021-02-07,12:15,Sun,159,True,P41 - P+R Capelsebrug,370
2021-02-07,12:16,Sun,159,True,P41 - P+R Capelsebrug,370
2021-02-07,12:17,Sun,158,True,P41 - P+R Capelsebrug,370
2021-02-07,12:18,Sun,159,True,P41 - P+R Capelsebrug,370
2021-02-07,12:19,Sun,159,True,P41 - P+R Capelsebrug,370
2021-02-07,12:20,Sun,159,True,P41 - P+R Capelsebrug,370
2021-02-07,12:21,Sun,159,True,P41 - P+R Capelsebrug,370
2021-02-07,12:22,Sun,159,True,P41 - P+R Capelsebrug,370
2021-02-07,12:23,Sun,159,True,P41 - P+R Capelsebrug,370
2021-02-07,12:24,Sun,159,True,P41 - P+R Capelsebrug,370
2021-02-07,12:25,Sun,159,True,P41 - P+R Capelsebrug,370
2021-02-07,12:26,Sun,159,True,P41 - P+R Capelsebrug,370
2021-02-07,12:27,Sun,159,True,P41 - P+R Capelsebrug,370
2021-02-07,12:28,Sun,159,True,P41 - P+R Capelsebrug,370
2021-02-07,12:29,Sun,159,True,P41 - P+R Capelsebrug,370
2021-02-07,12:30,Sun,159,True,P41 - P+R Capelsebrug,370
2021-02-07,12:31,Sun,158,True,P41 - P+R Capelsebrug,370
2021-02-07,12:32,Sun,158,True,P41 - P+R Capelsebrug,370
2021-02-07,12:33,Sun,158,True,P41 - P+R Capelsebrug,370
2021-02-07,12:34,Sun,158,True,P41 - P+R Capelsebrug,370
2021-02-07,12:35,Sun,158,True,P41 - P+R Capelsebrug,370
2021-02-07,12:36,Sun,158,True,P41 - P+R Capelsebrug,370
2021-02-07,12:37,Sun,158,True,P41 - P+R Capelsebrug,370
2021-02-07,12:38,Sun,158,True,P41 - P+R Capelsebrug,370
2021-02-07,12:39,Sun,158,True,P41 - P+R Capelsebrug,370
2021-02-07,12:40,Sun,158,True,P41 - P+R Capelsebrug,370
2021-02-07,12:41,Sun,158,True,P41 - P+R Capelsebrug,370
2021-02-07,12:42,Sun,158,True,P41 - P+R Capelsebrug,370
2021-02-07,12:43,Sun,159,True,P41 - P+R Capelsebrug,370
2021-02-07,12:44,Sun,159,True,P41 - P+R Capelsebrug,370
2021-02-07,12:45,Sun,159,True,P41 - P+R Capelsebrug,370
2021-02-07,12:46,Sun,159,True,P41 - P+R Capelsebrug,370
2021-02-07,12:47,Sun,158,True,P41 - P+R Capelsebrug,370
2021-02-07,12:48,Sun,158,True,P41 - P+R Capelsebrug,370
2021-02-07,12:49,Sun,158,True,P41 - P+R Capelsebrug,370
2021-02-07,12:50,Sun,159,True,P41 - P+R Capelsebrug,370
2021-02-07,12:51,Sun,159,True,P41 - P+R Capelsebrug,370
2021-02-07,12:52,Sun,159,True,P41 - P+R Capelsebrug,370
2021-02-07,12:53,Sun,157,True,P41 - P+R Capelsebrug,370
2021-02-07,12:54,Sun,157,True,P41 - P+R Capelsebrug,370
2021-02-07,12:55,Sun,157,True,P41 - P+R Capelsebrug,370
2021-02-07,12:56,Sun,157,True,P41 - P+R Capelsebrug,370
2021-02-07,12:57,Sun,157,True,P41 - P+R Capelsebrug,370
2021-02-07,12:58,Sun,157,True,P41 - P+R Capelsebrug,370
2021-02-07,12:59,Sun,157,True,P41 - P+R Capelsebrug,370
2021-02-07,13:00,Sun,157,True,P41 - P+R Capelsebrug,370
2021-02-07,13:01,Sun,157,True,P41 - P+R Capelsebrug,370
2021-02-07,13:02,Sun,156,True,P41 - P+R Capelsebrug,370
2021-02-07,13:03,Sun,156,True,P41 - P+R Capelsebrug,370
2021-02-07,13:04,Sun,156,True,P41 - P+R Capelsebrug,370
2021-02-07,13:05,Sun,156,True,P41 - P+R Capelsebrug,370
2021-02-07,13:06,Sun,156,True,P41 - P+R Capelsebrug,370
2021-02-07,13:07,Sun,156,True,P41 - P+R Capelsebrug,370
2021-02-07,13:08,Sun,156,True,P41 - P+R Capelsebrug,370
2021-02-07,13:09,Sun,156,True,P41 - P+R Capelsebrug,370
2021-02-07,13:10,Sun,156,True,P41 - P+R Capelsebrug,370
2021-02-07,13:11,Sun,157,True,P41 - P+R Capelsebrug,370
2021-02-07,13:12,Sun,157,True,P41 - P+R Capelsebrug,370
2021-02-07,13:13,Sun,157,True,P41 - P+R Capelsebrug,370
2021-02-07,13:14,Sun,157,True,P41 - P+R Capelsebrug,370
2021-02-07,13:15,Sun,158,True,P41 - P+R Capelsebrug,370
2021-02-07,13:16,Sun,158,True,P41 - P+R Capelsebrug,370
2021-02-07,13:17,Sun,158,True,P41 - P+R Capelsebrug,370
2021-02-07,13:18,Sun,158,True,P41 - P+R Capelsebrug,370
2021-02-07,13:19,Sun,158,True,P41 - P+R Capelsebrug,370
2021-02-07,13:20,Sun,158,True,P41 - P+R Capelsebrug,370
2021-02-07,13:21,Sun,158,True,P41 - P+R Capelsebrug,370
2021-02-07,13:22,Sun,157,True,P41 - P+R Capelsebrug,370
2021-02-07,13:23,Sun,157,True,P41 - P+R Capelsebrug,370
2021-02-07,13:24,Sun,157,True,P41 - P+R Capelsebrug,370
2021-02-07,13:25,Sun,157,True,P41 - P+R Capelsebrug,370
2021-02-07,13:26,Sun,157,True,P41 - P+R Capelsebrug,370
2021-02-07,13:27,Sun,157,True,P41 - P+R Capelsebrug,370
2021-02-07,13:28,Sun,156,True,P41 - P+R Capelsebrug,370
2021-02-07,13:29,Sun,156,True,P41 - P+R Capelsebrug,370
2021-02-07,13:30,Sun,156,True,P41 - P+R Capelsebrug,370
2021-02-07,13:31,Sun,155,True,P41 - P+R Capelsebrug,370
2021-02-07,13:32,Sun,155,True,P41 - P+R Capelsebrug,370
2021-02-07,13:33,Sun,154,True,P41 - P+R Capelsebrug,370
2021-02-07,13:34,Sun,154,True,P41 - P+R Capelsebrug,370
2021-02-07,13:35,Sun,154,True,P41 - P+R Capelsebrug,370
2021-02-07,13:36,Sun,154,True,P41 - P+R Capelsebrug,370
2021-02-07,13:37,Sun,153,True,P41 - P+R Capelsebrug,370
2021-02-07,13:38,Sun,153,True,P41 - P+R Capelsebrug,370
2021-02-07,13:39,Sun,153,True,P41 - P+R Capelsebrug,370
2021-02-07,13:40,Sun,155,True,P41 - P+R Capelsebrug,370
2021-02-07,13:41,Sun,155,True,P41 - P+R Capelsebrug,370
2021-02-07,13:42,Sun,152,True,P41 - P+R Capelsebrug,370
2021-02-07,13:43,Sun,152,True,P41 - P+R Capelsebrug,370
2021-02-07,13:44,Sun,152,True,P41 - P+R Capelsebrug,370
2021-02-07,13:45,Sun,152,True,P41 - P+R Capelsebrug,370
2021-02-07,13:46,Sun,152,True,P41 - P+R Capelsebrug,370
2021-02-07,13:47,Sun,152,True,P41 - P+R Capelsebrug,370
2021-02-07,13:48,Sun,152,True,P41 - P+R Capelsebrug,370
2021-02-07,13:49,Sun,152,True,P41 - P+R Capelsebrug,370
2021-02-07,13:50,Sun,152,True,P41 - P+R Capelsebrug,370
2021-02-07,13:51,Sun,152,True,P41 - P+R Capelsebrug,370
2021-02-07,13:52,Sun,151,True,P41 - P+R Capelsebrug,370
2021-02-07,13:53,Sun,151,True,P41 - P+R Capelsebrug,370
2021-02-07,13:54,Sun,151,True,P41 - P+R Capelsebrug,370
2021-02-07,13:55,Sun,152,True,P41 - P+R Capelsebrug,370
2021-02-07,13:56,Sun,152,True,P41 - P+R Capelsebrug,370
2021-02-07,13:57,Sun,151,True,P41 - P+R Capelsebrug,370
2021-02-07,13:58,Sun,150,True,P41 - P+R Capelsebrug,370
2021-02-07,13:59,Sun,150,True,P41 - P+R Capelsebrug,370
2021-02-07,14:00,Sun,150,True,P41 - P+R Capelsebrug,370
2021-02-07,14:01,Sun,150,True,P41 - P+R Capelsebrug,370
2021-02-07,14:02,Sun,150,True,P41 - P+R Capelsebrug,370
2021-02-07,14:03,Sun,150,True,P41 - P+R Capelsebrug,370
2021-02-07,14:04,Sun,150,True,P41 - P+R Capelsebrug,370
2021-02-07,14:05,Sun,150,True,P41 - P+R Capelsebrug,370
2021-02-07,14:06,Sun,151,True,P41 - P+R Capelsebrug,370
2021-02-07,14:07,Sun,151,True,P41 - P+R Capelsebrug,370
2021-02-07,14:08,Sun,151,True,P41 - P+R Capelsebrug,370
2021-02-07,14:09,Sun,151,True,P41 - P+R Capelsebrug,370
2021-02-07,14:10,Sun,150,True,P41 - P+R Capelsebrug,370
2021-02-07,14:11,Sun,150,True,P41 - P+R Capelsebrug,370
2021-02-07,14:12,Sun,148,True,P41 - P+R Capelsebrug,370
2021-02-07,14:13,Sun,148,True,P41 - P+R Capelsebrug,370
2021-02-07,14:14,Sun,148,True,P41 - P+R Capelsebrug,370
2021-02-07,14:15,Sun,148,True,P41 - P+R Capelsebrug,370
2021-02-07,14:16,Sun,148,True,P41 - P+R Capelsebrug,370
2021-02-07,14:17,Sun,148,True,P41 - P+R Capelsebrug,370
2021-02-07,14:18,Sun,148,True,P41 - P+R Capelsebrug,370
2021-02-07,14:19,Sun,147,True,P41 - P+R Capelsebrug,370
2021-02-07,14:20,Sun,146,True,P41 - P+R Capelsebrug,370
2021-02-07,14:21,Sun,146,True,P41 - P+R Capelsebrug,370
2021-02-07,14:22,Sun,145,True,P41 - P+R Capelsebrug,370
2021-02-07,14:23,Sun,145,True,P41 - P+R Capelsebrug,370
2021-02-07,14:24,Sun,145,True,P41 - P+R Capelsebrug,370
2021-02-07,14:25,Sun,145,True,P41 - P+R Capelsebrug,370
2021-02-07,14:26,Sun,146,True,P41 - P+R Capelsebrug,370
2021-02-07,14:27,Sun,147,True,P41 - P+R Capelsebrug,370
2021-02-07,14:28,Sun,148,True,P41 - P+R Capelsebrug,370
2021-02-07,14:29,Sun,148,True,P41 - P+R Capelsebrug,370
2021-02-07,14:30,Sun,148,True,P41 - P+R Capelsebrug,370
2021-02-07,14:31,Sun,147,True,P41 - P+R Capelsebrug,370
2021-02-07,14:32,Sun,147,True,P41 - P+R Capelsebrug,370
2021-02-07,14:33,Sun,147,True,P41 - P+R Capelsebrug,370
2021-02-07,14:34,Sun,147,True,P41 - P+R Capelsebrug,370
2021-02-07,14:35,Sun,147,True,P41 - P+R Capelsebrug,370
2021-02-07,14:36,Sun,148,True,P41 - P+R Capelsebrug,370
2021-02-07,14:37,Sun,148,True,P41 - P+R Capelsebrug,370
2021-02-07,14:38,Sun,148,True,P41 - P+R Capelsebrug,370
2021-02-07,14:39,Sun,148,True,P41 - P+R Capelsebrug,370
2021-02-07,14:40,Sun,148,True,P41 - P+R Capelsebrug,370
2021-02-07,14:41,Sun,148,True,P41 - P+R Capelsebrug,370
2021-02-07,14:42,Sun,148,True,P41 - P+R Capelsebrug,370
2021-02-07,14:43,Sun,148,True,P41 - P+R Capelsebrug,370
2021-02-07,14:44,Sun,147,True,P41 - P+R Capelsebrug,370
2021-02-07,14:45,Sun,148,True,P41 - P+R Capelsebrug,370
2021-02-07,14:46,Sun,150,True,P41 - P+R Capelsebrug,370
2021-02-07,14:47,Sun,150,True,P41 - P+R Capelsebrug,370
2021-02-07,14:48,Sun,151,True,P41 - P+R Capelsebrug,370
2021-02-07,14:49,Sun,151,True,P41 - P+R Capelsebrug,370
2021-02-07,14:50,Sun,151,True,P41 - P+R Capelsebrug,370
2021-02-07,14:51,Sun,151,True,P41 - P+R Capelsebrug,370
2021-02-07,14:52,Sun,151,True,P41 - P+R Capelsebrug,370
2021-02-07,14:53,Sun,151,True,P41 - P+R Capelsebrug,370
2021-02-07,14:54,Sun,151,True,P41 - P+R Capelsebrug,370
2021-02-07,14:55,Sun,151,True,P41 - P+R Capelsebrug,370
2021-02-07,14:56,Sun,151,True,P41 - P+R Capelsebrug,370
2021-02-07,14:57,Sun,151,True,P41 - P+R Capelsebrug,370
2021-02-07,14:58,Sun,151,True,P41 - P+R Capelsebrug,370
2021-02-07,14:59,Sun,151,True,P41 - P+R Capelsebrug,370
2021-02-07,15:00,Sun,151,True,P41 - P+R Capelsebrug,370
2021-02-07,15:01,Sun,151,True,P41 - P+R Capelsebrug,370
2021-02-07,15:02,Sun,151,True,P41 - P+R Capelsebrug,370
2021-02-07,15:03,Sun,151,True,P41 - P+R Capelsebrug,370
2021-02-07,15:04,Sun,151,True,P41 - P+R Capelsebrug,370
2021-02-07,15:05,Sun,151,True,P41 - P+R Capelsebrug,370
2021-02-07,15:06,Sun,151,True,P41 - P+R Capelsebrug,370
2021-02-07,15:07,Sun,151,True,P41 - P+R Capelsebrug,370
2021-02-07,15:08,Sun,151,True,P41 - P+R Capelsebrug,370
2021-02-07,15:09,Sun,151,True,P41 - P+R Capelsebrug,370
2021-02-07,15:10,Sun,151,True,P41 - P+R Capelsebrug,370
2021-02-07,15:11,Sun,151,True,P41 - P+R Capelsebrug,370
2021-02-07,15:12,Sun,151,True,P41 - P+R Capelsebrug,370
2021-02-07,15:13,Sun,151,True,P41 - P+R Capelsebrug,370
2021-02-07,15:14,Sun,151,True,P41 - P+R Capelsebrug,370
2021-02-07,15:15,Sun,151,True,P41 - P+R Capelsebrug,370
2021-02-07,15:16,Sun,151,True,P41 - P+R Capelsebrug,370
2021-02-07,15:17,Sun,151,True,P41 - P+R Capelsebrug,370
2021-02-07,15:18,Sun,151,True,P41 - P+R Capelsebrug,370
2021-02-07,15:19,Sun,151,True,P41 - P+R Capelsebrug,370
2021-02-07,15:20,Sun,151,True,P41 - P+R Capelsebrug,370
2021-02-07,15:21,Sun,151,True,P41 - P+R Capelsebrug,370
2021-02-07,15:22,Sun,151,True,P41 - P+R Capelsebrug,370
2021-02-07,15:23,Sun,151,True,P41 - P+R Capelsebrug,370
2021-02-07,15:24,Sun,151,True,P41 - P+R Capelsebrug,370
2021-02-07,15:25,Sun,151,True,P41 - P+R Capelsebrug,370
2021-02-07,15:26,Sun,151,True,P41 - P+R Capelsebrug,370
2021-02-07,15:27,Sun,151,True,P41 - P+R Capelsebrug,370
2021-02-07,15:28,Sun,151,True,P41 - P+R Capelsebrug,370
2021-02-07,15:29,Sun,151,True,P41 - P+R Capelsebrug,370
2021-02-07,15:30,Sun,151,True,P41 - P+R Capelsebrug,370
2021-02-07,15:31,Sun,151,True,P41 - P+R Capelsebrug,370
2021-02-07,15:32,Sun,151,True,P41 - P+R Capelsebrug,370
2021-02-07,15:33,Sun,151,True,P41 - P+R Capelsebrug,370
2021-02-07,15:34,Sun,151,True,P41 - P+R Capelsebrug,370
2021-02-07,15:35,Sun,151,True,P41 - P+R Capelsebrug,370
2021-02-07,15:36,Sun,151,True,P41 - P+R Capelsebrug,370
2021-02-07,15:37,Sun,151,True,P41 - P+R Capelsebrug,370
2021-02-07,15:38,Sun,151,True,P41 - P+R Capelsebrug,370
2021-02-07,15:39,Sun,151,True,P41 - P+R Capelsebrug,370
2021-02-07,15:40,Sun,151,True,P41 - P+R Capelsebrug,370
2021-02-07,15:41,Sun,151,True,P41 - P+R Capelsebrug,370
2021-02-07,15:42,Sun,151,True,P41 - P+R Capelsebrug,370
2021-02-07,15:43,Sun,151,True,P41 - P+R Capelsebrug,370
2021-02-07,15:44,Sun,151,True,P41 - P+R Capelsebrug,370
2021-02-07,15:45,Sun,151,True,P41 - P+R Capelsebrug,370
2021-02-07,15:46,Sun,151,True,P41 - P+R Capelsebrug,370
2021-02-07,15:47,Sun,151,True,P41 - P+R Capelsebrug,370
2021-02-07,15:48,Sun,151,True,P41 - P+R Capelsebrug,370
2021-02-07,15:49,Sun,151,True,P41 - P+R Capelsebrug,370
2021-02-07,15:50,Sun,151,True,P41 - P+R Capelsebrug,370
2021-02-07,15:51,Sun,151,True,P41 - P+R Capelsebrug,370
2021-02-07,15:52,Sun,151,True,P41 - P+R Capelsebrug,370
2021-02-07,15:53,Sun,151,True,P41 - P+R Capelsebrug,370
2021-02-07,15:54,Sun,151,True,P41 - P+R Capelsebrug,370
2021-02-07,15:55,Sun,151,True,P41 - P+R Capelsebrug,370
2021-02-07,15:56,Sun,151,True,P41 - P+R Capelsebrug,370
2021-02-07,15:57,Sun,151,True,P41 - P+R Capelsebrug,370
2021-02-07,15:58,Sun,151,True,P41 - P+R Capelsebrug,370
2021-02-07,15:59,Sun,151,True,P41 - P+R Capelsebrug,370
2021-02-07,16:00,Sun,151,True,P41 - P+R Capelsebrug,370
2021-02-07,16:01,Sun,151,True,P41 - P+R Capelsebrug,370
2021-02-07,16:02,Sun,151,True,P41 - P+R Capelsebrug,370
2021-02-07,16:03,Sun,151,True,P41 - P+R Capelsebrug,370
2021-02-07,16:04,Sun,151,True,P41 - P+R Capelsebrug,370
2021-02-07,16:05,Sun,151,True,P41 - P+R Capelsebrug,370
2021-02-07,16:06,Sun,151,True,P41 - P+R Capelsebrug,370
2021-02-07,16:07,Sun,151,True,P41 - P+R Capelsebrug,370
2021-02-07,16:08,Sun,151,True,P41 - P+R Capelsebrug,370
2021-02-07,16:09,Sun,151,True,P41 - P+R Capelsebrug,370
2021-02-07,16:10,Sun,151,True,P41 - P+R Capelsebrug,370
2021-02-07,16:11,Sun,151,True,P41 - P+R Capelsebrug,370
2021-02-07,16:12,Sun,151,True,P41 - P+R Capelsebrug,370
2021-02-07,16:13,Sun,151,True,P41 - P+R Capelsebrug,370
2021-02-07,16:14,Sun,151,True,P41 - P+R Capelsebrug,370
2021-02-07,16:15,Sun,151,True,P41 - P+R Capelsebrug,370
2021-02-07,16:16,Sun,151,True,P41 - P+R Capelsebrug,370
2021-02-07,16:17,Sun,151,True,P41 - P+R Capelsebrug,370
2021-02-07,16:18,Sun,151,True,P41 - P+R Capelsebrug,370
2021-02-07,16:19,Sun,151,True,P41 - P+R Capelsebrug,370
2021-02-07,16:20,Sun,151,True,P41 - P+R Capelsebrug,370
2021-02-07,16:21,Sun,151,True,P41 - P+R Capelsebrug,370
2021-02-07,16:22,Sun,151,True,P41 - P+R Capelsebrug,370
2021-02-07,16:23,Sun,151,True,P41 - P+R Capelsebrug,370
2021-02-07,16:24,Sun,151,True,P41 - P+R Capelsebrug,370
2021-02-07,16:25,Sun,151,True,P41 - P+R Capelsebrug,370
2021-02-07,16:26,Sun,151,True,P41 - P+R Capelsebrug,370
2021-02-07,16:27,Sun,151,True,P41 - P+R Capelsebrug,370
2021-02-07,16:28,Sun,151,True,P41 - P+R Capelsebrug,370
2021-02-07,16:29,Sun,151,True,P41 - P+R Capelsebrug,370
2021-02-07,16:30,Sun,151,True,P41 - P+R Capelsebrug,370
2021-02-07,16:31,Sun,151,True,P41 - P+R Capelsebrug,370
2021-02-07,16:32,Sun,151,True,P41 - P+R Capelsebrug,370
2021-02-07,16:33,Sun,151,True,P41 - P+R Capelsebrug,370
2021-02-07,16:34,Sun,151,True,P41 - P+R Capelsebrug,370
2021-02-07,16:35,Sun,151,True,P41 - P+R Capelsebrug,370
2021-02-07,16:36,Sun,151,True,P41 - P+R Capelsebrug,370
2021-02-07,16:37,Sun,151,True,P41 - P+R Capelsebrug,370
2021-02-07,16:38,Sun,151,True,P41 - P+R Capelsebrug,370
2021-02-07,16:39,Sun,151,True,P41 - P+R Capelsebrug,370
2021-02-07,16:40,Sun,151,True,P41 - P+R Capelsebrug,370
2021-02-07,16:41,Sun,151,True,P41 - P+R Capelsebrug,370
2021-02-07,16:42,Sun,151,True,P41 - P+R Capelsebrug,370
2021-02-07,16:43,Sun,151,True,P41 - P+R Capelsebrug,370
2021-02-07,16:44,Sun,151,True,P41 - P+R Capelsebrug,370
2021-02-07,16:45,Sun,151,True,P41 - P+R Capelsebrug,370
2021-02-07,16:46,Sun,151,True,P41 - P+R Capelsebrug,370
2021-02-07,16:47,Sun,151,True,P41 - P+R Capelsebrug,370
2021-02-07,16:48,Sun,151,True,P41 - P+R Capelsebrug,370
2021-02-07,16:49,Sun,151,True,P41 - P+R Capelsebrug,370
2021-02-07,16:50,Sun,151,True,P41 - P+R Capelsebrug,370
2021-02-07,16:51,Sun,151,True,P41 - P+R Capelsebrug,370
2021-02-07,16:52,Sun,151,True,P41 - P+R Capelsebrug,370
2021-02-07,16:53,Sun,151,True,P41 - P+R Capelsebrug,370
2021-02-07,16:54,Sun,151,True,P41 - P+R Capelsebrug,370
2021-02-07,16:55,Sun,151,True,P41 - P+R Capelsebrug,370
2021-02-07,16:56,Sun,151,True,P41 - P+R Capelsebrug,370
2021-02-07,16:57,Sun,151,True,P41 - P+R Capelsebrug,370
2021-02-07,16:58,Sun,151,True,P41 - P+R Capelsebrug,370
2021-02-07,16:59,Sun,151,True,P41 - P+R Capelsebrug,370
2021-02-07,17:00,Sun,151,True,P41 - P+R Capelsebrug,370
2021-02-07,17:01,Sun,151,True,P41 - P+R Capelsebrug,370
2021-02-07,17:02,Sun,151,True,P41 - P+R Capelsebrug,370
2021-02-07,17:03,Sun,151,True,P41 - P+R Capelsebrug,370
2021-02-07,17:04,Sun,151,True,P41 - P+R Capelsebrug,370
2021-02-07,17:05,Sun,151,True,P41 - P+R Capelsebrug,370
2021-02-07,17:06,Sun,151,True,P41 - P+R Capelsebrug,370
2021-02-07,17:07,Sun,151,True,P41 - P+R Capelsebrug,370
2021-02-07,17:08,Sun,151,True,P41 - P+R Capelsebrug,370
2021-02-07,17:09,Sun,151,True,P41 - P+R Capelsebrug,370
2021-02-07,17:10,Sun,151,True,P41 - P+R Capelsebrug,370
2021-02-07,17:11,Sun,151,True,P41 - P+R Capelsebrug,370
2021-02-07,17:12,Sun,151,True,P41 - P+R Capelsebrug,370
2021-02-07,17:13,Sun,151,True,P41 - P+R Capelsebrug,370
2021-02-07,17:14,Sun,151,True,P41 - P+R Capelsebrug,370
2021-02-07,17:15,Sun,151,True,P41 - P+R Capelsebrug,370
2021-02-07,17:16,Sun,151,True,P41 - P+R Capelsebrug,370
2021-02-07,17:17,Sun,151,True,P41 - P+R Capelsebrug,370
2021-02-07,17:18,Sun,151,True,P41 - P+R Capelsebrug,370
2021-02-07,17:19,Sun,151,True,P41 - P+R Capelsebrug,370
2021-02-07,17:20,Sun,151,True,P41 - P+R Capelsebrug,370
2021-02-07,17:21,Sun,151,True,P41 - P+R Capelsebrug,370
2021-02-07,17:22,Sun,151,True,P41 - P+R Capelsebrug,370
2021-02-07,17:23,Sun,151,True,P41 - P+R Capelsebrug,370
2021-02-07,17:24,Sun,151,True,P41 - P+R Capelsebrug,370
2021-02-07,17:25,Sun,151,True,P41 - P+R Capelsebrug,370
2021-02-07,17:26,Sun,151,True,P41 - P+R Capelsebrug,370
2021-02-07,17:27,Sun,151,True,P41 - P+R Capelsebrug,370
2021-02-07,17:28,Sun,151,True,P41 - P+R Capelsebrug,370
2021-02-07,17:29,Sun,151,True,P41 - P+R Capelsebrug,370
2021-02-07,17:30,Sun,151,True,P41 - P+R Capelsebrug,370
2021-02-07,17:31,Sun,151,True,P41 - P+R Capelsebrug,370
2021-02-07,17:32,Sun,151,True,P41 - P+R Capelsebrug,370
2021-02-07,17:33,Sun,151,True,P41 - P+R Capelsebrug,370
2021-02-07,17:34,Sun,151,True,P41 - P+R Capelsebrug,370
2021-02-07,17:35,Sun,151,True,P41 - P+R Capelsebrug,370
2021-02-07,17:36,Sun,151,True,P41 - P+R Capelsebrug,370
2021-02-07,17:37,Sun,151,True,P41 - P+R Capelsebrug,370
2021-02-07,17:38,Sun,151,True,P41 - P+R Capelsebrug,370
2021-02-07,17:39,Sun,151,True,P41 - P+R Capelsebrug,370
2021-02-07,17:40,Sun,151,True,P41 - P+R Capelsebrug,370
2021-02-07,17:41,Sun,151,True,P41 - P+R Capelsebrug,370
2021-02-07,17:42,Sun,151,True,P41 - P+R Capelsebrug,370
2021-02-07,17:43,Sun,151,True,P41 - P+R Capelsebrug,370
2021-02-07,17:44,Sun,151,True,P41 - P+R Capelsebrug,370
2021-02-07,17:45,Sun,151,True,P41 - P+R Capelsebrug,370
2021-02-07,17:46,Sun,151,True,P41 - P+R Capelsebrug,370
2021-02-07,17:47,Sun,151,True,P41 - P+R Capelsebrug,370
2021-02-07,17:48,Sun,151,True,P41 - P+R Capelsebrug,370
2021-02-07,17:49,Sun,151,True,P41 - P+R Capelsebrug,370
2021-02-07,17:50,Sun,151,True,P41 - P+R Capelsebrug,370
2021-02-07,17:51,Sun,151,True,P41 - P+R Capelsebrug,370
2021-02-07,17:52,Sun,151,True,P41 - P+R Capelsebrug,370
2021-02-07,17:53,Sun,151,True,P41 - P+R Capelsebrug,370
2021-02-07,17:54,Sun,151,True,P41 - P+R Capelsebrug,370
2021-02-07,17:55,Sun,151,True,P41 - P+R Capelsebrug,370
2021-02-07,17:56,Sun,151,True,P41 - P+R Capelsebrug,370
2021-02-07,17:57,Sun,151,True,P41 - P+R Capelsebrug,370
2021-02-07,17:58,Sun,151,True,P41 - P+R Capelsebrug,370
2021-02-07,17:59,Sun,151,True,P41 - P+R Capelsebrug,370
2021-02-07,18:00,Sun,151,True,P41 - P+R Capelsebrug,370
2021-02-07,18:01,Sun,151,True,P41 - P+R Capelsebrug,370
2021-02-07,18:02,Sun,151,True,P41 - P+R Capelsebrug,370
2021-02-07,18:03,Sun,151,True,P41 - P+R Capelsebrug,370
2021-02-07,18:04,Sun,151,True,P41 - P+R Capelsebrug,370
2021-02-07,18:05,Sun,151,True,P41 - P+R Capelsebrug,370
2021-02-07,18:06,Sun,151,True,P41 - P+R Capelsebrug,370
2021-02-07,18:07,Sun,151,True,P41 - P+R Capelsebrug,370
2021-02-07,18:08,Sun,151,True,P41 - P+R Capelsebrug,370
2021-02-07,18:09,Sun,151,True,P41 - P+R Capelsebrug,370
2021-02-07,18:10,Sun,151,True,P41 - P+R Capelsebrug,370
2021-02-07,18:11,Sun,151,True,P41 - P+R Capelsebrug,370
2021-02-07,18:12,Sun,151,True,P41 - P+R Capelsebrug,370
2021-02-07,18:13,Sun,151,True,P41 - P+R Capelsebrug,370
2021-02-07,18:14,Sun,151,True,P41 - P+R Capelsebrug,370
2021-02-07,18:15,Sun,151,True,P41 - P+R Capelsebrug,370
2021-02-07,18:16,Sun,151,True,P41 - P+R Capelsebrug,370
2021-02-07,18:17,Sun,151,True,P41 - P+R Capelsebrug,370
2021-02-07,18:18,Sun,151,True,P41 - P+R Capelsebrug,370
2021-02-07,18:19,Sun,151,True,P41 - P+R Capelsebrug,370
2021-02-07,18:20,Sun,151,True,P41 - P+R Capelsebrug,370
2021-02-07,18:21,Sun,151,True,P41 - P+R Capelsebrug,370
2021-02-07,18:22,Sun,151,True,P41 - P+R Capelsebrug,370
2021-02-07,18:23,Sun,151,True,P41 - P+R Capelsebrug,370
2021-02-07,18:24,Sun,151,True,P41 - P+R Capelsebrug,370
2021-02-07,18:25,Sun,151,True,P41 - P+R Capelsebrug,370
2021-02-07,18:26,Sun,151,True,P41 - P+R Capelsebrug,370
2021-02-07,18:27,Sun,151,True,P41 - P+R Capelsebrug,370
2021-02-07,18:28,Sun,151,True,P41 - P+R Capelsebrug,370
2021-02-07,18:29,Sun,151,True,P41 - P+R Capelsebrug,370
2021-02-07,18:30,Sun,151,True,P41 - P+R Capelsebrug,370
2021-02-07,18:31,Sun,151,True,P41 - P+R Capelsebrug,370
2021-02-07,18:32,Sun,151,True,P41 - P+R Capelsebrug,370
2021-02-07,18:33,Sun,151,True,P41 - P+R Capelsebrug,370
2021-02-07,18:34,Sun,151,True,P41 - P+R Capelsebrug,370
2021-02-07,18:35,Sun,151,True,P41 - P+R Capelsebrug,370
2021-02-07,18:36,Sun,151,True,P41 - P+R Capelsebrug,370
2021-02-07,18:37,Sun,151,True,P41 - P+R Capelsebrug,370
2021-02-07,18:38,Sun,151,True,P41 - P+R Capelsebrug,370
2021-02-07,18:39,Sun,151,True,P41 - P+R Capelsebrug,370
2021-02-07,18:40,Sun,151,True,P41 - P+R Capelsebrug,370
2021-02-07,18:41,Sun,151,True,P41 - P+R Capelsebrug,370
2021-02-07,18:42,Sun,151,True,P41 - P+R Capelsebrug,370
2021-02-07,18:43,Sun,151,True,P41 - P+R Capelsebrug,370
2021-02-07,18:44,Sun,151,True,P41 - P+R Capelsebrug,370
2021-02-07,18:45,Sun,151,True,P41 - P+R Capelsebrug,370
2021-02-07,18:46,Sun,151,True,P41 - P+R Capelsebrug,370
2021-02-07,18:47,Sun,151,True,P41 - P+R Capelsebrug,370
2021-02-07,18:48,Sun,151,True,P41 - P+R Capelsebrug,370
2021-02-07,18:49,Sun,151,True,P41 - P+R Capelsebrug,370
2021-02-07,18:50,Sun,151,True,P41 - P+R Capelsebrug,370
2021-02-07,18:51,Sun,151,True,P41 - P+R Capelsebrug,370
2021-02-07,18:52,Sun,151,True,P41 - P+R Capelsebrug,370
2021-02-07,18:53,Sun,151,True,P41 - P+R Capelsebrug,370
2021-02-07,18:54,Sun,151,True,P41 - P+R Capelsebrug,370
2021-02-07,18:55,Sun,151,True,P41 - P+R Capelsebrug,370
2021-02-07,18:56,Sun,151,True,P41 - P+R Capelsebrug,370
2021-02-07,18:57,Sun,151,True,P41 - P+R Capelsebrug,370
2021-02-07,18:58,Sun,151,True,P41 - P+R Capelsebrug,370
2021-02-07,18:59,Sun,151,True,P41 - P+R Capelsebrug,370
2021-02-07,19:00,Sun,151,True,P41 - P+R Capelsebrug,370
2021-02-07,19:01,Sun,151,True,P41 - P+R Capelsebrug,370
2021-02-07,19:02,Sun,151,True,P41 - P+R Capelsebrug,370
2021-02-07,19:03,Sun,151,True,P41 - P+R Capelsebrug,370
2021-02-07,19:04,Sun,151,True,P41 - P+R Capelsebrug,370
2021-02-07,19:05,Sun,151,True,P41 - P+R Capelsebrug,370
2021-02-07,19:06,Sun,151,True,P41 - P+R Capelsebrug,370
2021-02-07,19:07,Sun,151,True,P41 - P+R Capelsebrug,370
2021-02-07,19:08,Sun,151,True,P41 - P+R Capelsebrug,370
2021-02-07,19:09,Sun,151,True,P41 - P+R Capelsebrug,370
2021-02-07,19:10,Sun,151,True,P41 - P+R Capelsebrug,370
2021-02-07,19:11,Sun,151,True,P41 - P+R Capelsebrug,370
2021-02-07,19:12,Sun,151,True,P41 - P+R Capelsebrug,370
2021-02-07,19:13,Sun,151,True,P41 - P+R Capelsebrug,370
2021-02-07,19:14,Sun,151,True,P41 - P+R Capelsebrug,370
2021-02-07,19:15,Sun,151,True,P41 - P+R Capelsebrug,370
2021-02-07,19:16,Sun,151,True,P41 - P+R Capelsebrug,370
2021-02-07,19:17,Sun,151,True,P41 - P+R Capelsebrug,370
2021-02-07,19:18,Sun,151,True,P41 - P+R Capelsebrug,370
2021-02-07,19:19,Sun,151,True,P41 - P+R Capelsebrug,370
2021-02-07,19:20,Sun,151,True,P41 - P+R Capelsebrug,370
2021-02-07,19:21,Sun,151,True,P41 - P+R Capelsebrug,370
2021-02-07,19:22,Sun,151,True,P41 - P+R Capelsebrug,370
2021-02-07,19:23,Sun,151,True,P41 - P+R Capelsebrug,370
2021-02-07,19:24,Sun,151,True,P41 - P+R Capelsebrug,370
2021-02-07,19:25,Sun,151,True,P41 - P+R Capelsebrug,370
2021-02-07,19:26,Sun,151,True,P41 - P+R Capelsebrug,370
2021-02-07,19:27,Sun,151,True,P41 - P+R Capelsebrug,370
2021-02-07,19:28,Sun,151,True,P41 - P+R Capelsebrug,370
2021-02-07,19:29,Sun,151,True,P41 - P+R Capelsebrug,370
2021-02-07,19:30,Sun,151,True,P41 - P+R Capelsebrug,370
2021-02-07,19:31,Sun,151,True,P41 - P+R Capelsebrug,370
2021-02-07,19:32,Sun,151,True,P41 - P+R Capelsebrug,370
2021-02-07,19:33,Sun,151,True,P41 - P+R Capelsebrug,370
2021-02-07,19:34,Sun,151,True,P41 - P+R Capelsebrug,370
2021-02-07,19:35,Sun,151,True,P41 - P+R Capelsebrug,370
2021-02-07,19:36,Sun,151,True,P41 - P+R Capelsebrug,370
2021-02-07,19:37,Sun,151,True,P41 - P+R Capelsebrug,370
2021-02-07,19:38,Sun,151,True,P41 - P+R Capelsebrug,370
2021-02-07,19:39,Sun,151,True,P41 - P+R Capelsebrug,370
2021-02-07,19:40,Sun,151,True,P41 - P+R Capelsebrug,370
2021-02-07,19:41,Sun,151,True,P41 - P+R Capelsebrug,370
2021-02-07,19:42,Sun,151,True,P41 - P+R Capelsebrug,370
2021-02-07,19:43,Sun,151,True,P41 - P+R Capelsebrug,370
2021-02-07,19:44,Sun,151,True,P41 - P+R Capelsebrug,370
2021-02-07,19:45,Sun,151,True,P41 - P+R Capelsebrug,370
2021-02-07,19:46,Sun,151,True,P41 - P+R Capelsebrug,370
2021-02-07,19:47,Sun,151,True,P41 - P+R Capelsebrug,370
2021-02-07,19:48,Sun,151,True,P41 - P+R Capelsebrug,370
2021-02-07,19:49,Sun,151,True,P41 - P+R Capelsebrug,370
2021-02-07,19:50,Sun,151,True,P41 - P+R Capelsebrug,370
2021-02-07,19:51,Sun,151,True,P41 - P+R Capelsebrug,370
2021-02-07,19:52,Sun,151,True,P41 - P+R Capelsebrug,370
2021-02-07,19:53,Sun,151,True,P41 - P+R Capelsebrug,370
2021-02-07,19:54,Sun,151,True,P41 - P+R Capelsebrug,370
2021-02-07,19:55,Sun,151,True,P41 - P+R Capelsebrug,370
2021-02-07,19:56,Sun,151,True,P41 - P+R Capelsebrug,370
2021-02-07,19:57,Sun,151,True,P41 - P+R Capelsebrug,370
2021-02-07,19:58,Sun,151,True,P41 - P+R Capelsebrug,370
2021-02-07,19:59,Sun,151,True,P41 - P+R Capelsebrug,370
2021-02-07,20:00,Sun,151,True,P41 - P+R Capelsebrug,370
2021-02-07,20:01,Sun,151,True,P41 - P+R Capelsebrug,370
2021-02-07,20:02,Sun,151,True,P41 - P+R Capelsebrug,370
2021-02-07,20:03,Sun,151,True,P41 - P+R Capelsebrug,370
2021-02-07,20:04,Sun,151,True,P41 - P+R Capelsebrug,370
2021-02-07,20:05,Sun,151,True,P41 - P+R Capelsebrug,370
2021-02-07,20:06,Sun,151,True,P41 - P+R Capelsebrug,370
2021-02-07,20:07,Sun,151,True,P41 - P+R Capelsebrug,370
2021-02-07,20:08,Sun,151,True,P41 - P+R Capelsebrug,370
2021-02-07,20:09,Sun,151,True,P41 - P+R Capelsebrug,370
2021-02-07,20:10,Sun,151,True,P41 - P+R Capelsebrug,370
2021-02-07,20:11,Sun,151,True,P41 - P+R Capelsebrug,370
2021-02-07,20:12,Sun,151,True,P41 - P+R Capelsebrug,370
2021-02-07,20:13,Sun,151,True,P41 - P+R Capelsebrug,370
2021-02-07,20:14,Sun,151,True,P41 - P+R Capelsebrug,370
2021-02-07,20:15,Sun,151,True,P41 - P+R Capelsebrug,370
2021-02-07,20:16,Sun,151,True,P41 - P+R Capelsebrug,370
2021-02-07,20:17,Sun,151,True,P41 - P+R Capelsebrug,370
2021-02-07,20:18,Sun,151,True,P41 - P+R Capelsebrug,370
2021-02-07,20:19,Sun,151,True,P41 - P+R Capelsebrug,370
2021-02-07,20:20,Sun,151,True,P41 - P+R Capelsebrug,370
2021-02-07,20:21,Sun,151,True,P41 - P+R Capelsebrug,370
2021-02-07,20:22,Sun,151,True,P41 - P+R Capelsebrug,370
2021-02-07,20:23,Sun,151,True,P41 - P+R Capelsebrug,370
2021-02-07,20:24,Sun,151,True,P41 - P+R Capelsebrug,370
2021-02-07,20:25,Sun,151,True,P41 - P+R Capelsebrug,370
2021-02-07,20:26,Sun,151,True,P41 - P+R Capelsebrug,370
2021-02-07,20:27,Sun,151,True,P41 - P+R Capelsebrug,370
2021-02-07,20:28,Sun,151,True,P41 - P+R Capelsebrug,370
2021-02-07,20:29,Sun,151,True,P41 - P+R Capelsebrug,370
2021-02-07,20:30,Sun,151,True,P41 - P+R Capelsebrug,370
2021-02-07,20:31,Sun,151,True,P41 - P+R Capelsebrug,370
2021-02-07,20:32,Sun,151,True,P41 - P+R Capelsebrug,370
2021-02-07,20:33,Sun,151,True,P41 - P+R Capelsebrug,370
2021-02-07,20:34,Sun,151,True,P41 - P+R Capelsebrug,370
2021-02-07,20:35,Sun,151,True,P41 - P+R Capelsebrug,370
2021-02-07,20:36,Sun,151,True,P41 - P+R Capelsebrug,370
2021-02-07,20:37,Sun,151,True,P41 - P+R Capelsebrug,370
2021-02-07,20:38,Sun,151,True,P41 - P+R Capelsebrug,370
2021-02-07,20:39,Sun,151,True,P41 - P+R Capelsebrug,370
2021-02-07,20:40,Sun,151,True,P41 - P+R Capelsebrug,370
2021-02-07,20:41,Sun,151,True,P41 - P+R Capelsebrug,370
2021-02-07,20:42,Sun,151,True,P41 - P+R Capelsebrug,370
2021-02-07,20:43,Sun,151,True,P41 - P+R Capelsebrug,370
2021-02-07,20:44,Sun,151,True,P41 - P+R Capelsebrug,370
2021-02-07,20:45,Sun,151,True,P41 - P+R Capelsebrug,370
2021-02-07,20:46,Sun,151,True,P41 - P+R Capelsebrug,370
2021-02-07,20:47,Sun,151,True,P41 - P+R Capelsebrug,370
2021-02-07,20:48,Sun,151,True,P41 - P+R Capelsebrug,370
2021-02-07,20:49,Sun,151,True,P41 - P+R Capelsebrug,370
2021-02-07,20:50,Sun,151,True,P41 - P+R Capelsebrug,370
2021-02-07,20:51,Sun,151,True,P41 - P+R Capelsebrug,370
2021-02-07,20:52,Sun,151,True,P41 - P+R Capelsebrug,370
2021-02-07,20:53,Sun,151,True,P41 - P+R Capelsebrug,370
2021-02-07,20:54,Sun,151,True,P41 - P+R Capelsebrug,370
2021-02-07,20:55,Sun,151,True,P41 - P+R Capelsebrug,370
2021-02-07,20:56,Sun,151,True,P41 - P+R Capelsebrug,370
2021-02-07,20:57,Sun,151,True,P41 - P+R Capelsebrug,370
2021-02-07,20:58,Sun,151,True,P41 - P+R Capelsebrug,370
2021-02-07,20:59,Sun,151,True,P41 - P+R Capelsebrug,370
2021-02-07,21:00,Sun,151,True,P41 - P+R Capelsebrug,370
2021-02-07,21:01,Sun,151,True,P41 - P+R Capelsebrug,370
2021-02-07,21:02,Sun,151,True,P41 - P+R Capelsebrug,370
2021-02-07,21:03,Sun,151,True,P41 - P+R Capelsebrug,370
2021-02-07,21:04,Sun,151,True,P41 - P+R Capelsebrug,370
2021-02-07,21:05,Sun,151,True,P41 - P+R Capelsebrug,370
2021-02-07,21:06,Sun,151,True,P41 - P+R Capelsebrug,370
2021-02-07,21:07,Sun,151,True,P41 - P+R Capelsebrug,370
2021-02-07,21:08,Sun,151,True,P41 - P+R Capelsebrug,370
2021-02-07,21:09,Sun,151,True,P41 - P+R Capelsebrug,370
2021-02-07,21:10,Sun,151,True,P41 - P+R Capelsebrug,370
2021-02-07,21:11,Sun,151,True,P41 - P+R Capelsebrug,370
2021-02-07,21:12,Sun,151,True,P41 - P+R Capelsebrug,370
2021-02-07,21:13,Sun,151,True,P41 - P+R Capelsebrug,370
2021-02-07,21:14,Sun,151,True,P41 - P+R Capelsebrug,370
2021-02-07,21:15,Sun,151,True,P41 - P+R Capelsebrug,370
2021-02-07,21:16,Sun,151,True,P41 - P+R Capelsebrug,370
2021-02-07,21:17,Sun,151,True,P41 - P+R Capelsebrug,370
2021-02-07,21:18,Sun,151,True,P41 - P+R Capelsebrug,370
2021-02-07,21:19,Sun,151,True,P41 - P+R Capelsebrug,370
2021-02-07,21:20,Sun,151,True,P41 - P+R Capelsebrug,370
2021-02-07,21:21,Sun,151,True,P41 - P+R Capelsebrug,370
2021-02-07,21:22,Sun,151,True,P41 - P+R Capelsebrug,370
2021-02-07,21:23,Sun,151,True,P41 - P+R Capelsebrug,370
2021-02-07,21:24,Sun,151,True,P41 - P+R Capelsebrug,370
2021-02-07,21:25,Sun,151,True,P41 - P+R Capelsebrug,370
2021-02-07,21:26,Sun,151,True,P41 - P+R Capelsebrug,370
2021-02-07,21:27,Sun,151,True,P41 - P+R Capelsebrug,370
2021-02-07,21:28,Sun,151,True,P41 - P+R Capelsebrug,370
2021-02-07,21:29,Sun,151,True,P41 - P+R Capelsebrug,370
2021-02-07,21:30,Sun,151,True,P41 - P+R Capelsebrug,370
2021-02-07,21:31,Sun,151,True,P41 - P+R Capelsebrug,370
2021-02-07,21:32,Sun,151,True,P41 - P+R Capelsebrug,370
2021-02-07,21:33,Sun,151,True,P41 - P+R Capelsebrug,370
2021-02-07,21:34,Sun,151,True,P41 - P+R Capelsebrug,370
2021-02-07,21:35,Sun,151,True,P41 - P+R Capelsebrug,370
2021-02-07,21:36,Sun,151,True,P41 - P+R Capelsebrug,370
2021-02-07,21:37,Sun,151,True,P41 - P+R Capelsebrug,370
2021-02-07,21:38,Sun,151,True,P41 - P+R Capelsebrug,370
2021-02-07,21:39,Sun,151,True,P41 - P+R Capelsebrug,370
2021-02-07,21:40,Sun,151,True,P41 - P+R Capelsebrug,370
2021-02-07,21:41,Sun,151,True,P41 - P+R Capelsebrug,370
2021-02-07,21:42,Sun,151,True,P41 - P+R Capelsebrug,370
2021-02-07,21:43,Sun,151,True,P41 - P+R Capelsebrug,370
2021-02-07,21:44,Sun,151,True,P41 - P+R Capelsebrug,370
2021-02-07,21:45,Sun,151,True,P41 - P+R Capelsebrug,370
2021-02-07,21:46,Sun,151,True,P41 - P+R Capelsebrug,370
2021-02-07,21:47,Sun,151,True,P41 - P+R Capelsebrug,370
2021-02-07,21:48,Sun,151,True,P41 - P+R Capelsebrug,370
2021-02-07,21:49,Sun,151,True,P41 - P+R Capelsebrug,370
2021-02-07,21:50,Sun,151,True,P41 - P+R Capelsebrug,370
2021-02-07,21:51,Sun,151,True,P41 - P+R Capelsebrug,370
2021-02-07,21:52,Sun,151,True,P41 - P+R Capelsebrug,370
2021-02-07,21:53,Sun,151,True,P41 - P+R Capelsebrug,370
2021-02-07,21:54,Sun,151,True,P41 - P+R Capelsebrug,370
2021-02-07,21:55,Sun,151,True,P41 - P+R Capelsebrug,370
2021-02-07,21:56,Sun,151,True,P41 - P+R Capelsebrug,370
2021-02-07,21:57,Sun,151,True,P41 - P+R Capelsebrug,370
2021-02-07,21:58,Sun,151,True,P41 - P+R Capelsebrug,370
2021-02-07,21:59,Sun,151,True,P41 - P+R Capelsebrug,370
2021-02-07,22:00,Sun,151,True,P41 - P+R Capelsebrug,370
2021-02-07,22:01,Sun,151,True,P41 - P+R Capelsebrug,370
2021-02-07,22:02,Sun,151,True,P41 - P+R Capelsebrug,370
2021-02-07,22:03,Sun,151,True,P41 - P+R Capelsebrug,370
2021-02-07,22:04,Sun,151,True,P41 - P+R Capelsebrug,370
2021-02-07,22:05,Sun,151,True,P41 - P+R Capelsebrug,370
2021-02-07,22:06,Sun,151,True,P41 - P+R Capelsebrug,370
2021-02-07,22:07,Sun,151,True,P41 - P+R Capelsebrug,370
2021-02-07,22:08,Sun,151,True,P41 - P+R Capelsebrug,370
2021-02-07,22:09,Sun,151,True,P41 - P+R Capelsebrug,370
2021-02-07,22:10,Sun,151,True,P41 - P+R Capelsebrug,370
2021-02-07,22:11,Sun,151,True,P41 - P+R Capelsebrug,370
2021-02-07,22:12,Sun,151,True,P41 - P+R Capelsebrug,370
2021-02-07,22:13,Sun,151,True,P41 - P+R Capelsebrug,370
2021-02-07,22:14,Sun,151,True,P41 - P+R Capelsebrug,370
2021-02-07,22:15,Sun,151,True,P41 - P+R Capelsebrug,370
2021-02-07,22:16,Sun,151,True,P41 - P+R Capelsebrug,370
2021-02-07,22:17,Sun,151,True,P41 - P+R Capelsebrug,370
2021-02-07,22:18,Sun,151,True,P41 - P+R Capelsebrug,370
2021-02-07,22:19,Sun,151,True,P41 - P+R Capelsebrug,370
2021-02-07,22:20,Sun,151,True,P41 - P+R Capelsebrug,370
2021-02-07,22:21,Sun,151,True,P41 - P+R Capelsebrug,370
2021-02-07,22:22,Sun,151,True,P41 - P+R Capelsebrug,370
2021-02-07,22:23,Sun,151,True,P41 - P+R Capelsebrug,370
2021-02-07,22:24,Sun,151,True,P41 - P+R Capelsebrug,370
2021-02-07,22:25,Sun,151,True,P41 - P+R Capelsebrug,370
2021-02-07,22:26,Sun,151,True,P41 - P+R Capelsebrug,370
2021-02-07,22:27,Sun,151,True,P41 - P+R Capelsebrug,370
2021-02-07,22:28,Sun,151,True,P41 - P+R Capelsebrug,370
2021-02-07,22:29,Sun,151,True,P41 - P+R Capelsebrug,370
2021-02-07,22:30,Sun,151,True,P41 - P+R Capelsebrug,370
2021-02-07,22:31,Sun,151,True,P41 - P+R Capelsebrug,370
2021-02-07,22:32,Sun,151,True,P41 - P+R Capelsebrug,370
2021-02-07,22:33,Sun,151,True,P41 - P+R Capelsebrug,370
2021-02-07,22:34,Sun,151,True,P41 - P+R Capelsebrug,370
2021-02-07,22:35,Sun,151,True,P41 - P+R Capelsebrug,370
2021-02-07,22:36,Sun,151,True,P41 - P+R Capelsebrug,370
2021-02-07,22:37,Sun,151,True,P41 - P+R Capelsebrug,370
2021-02-07,22:38,Sun,151,True,P41 - P+R Capelsebrug,370
2021-02-07,22:39,Sun,151,True,P41 - P+R Capelsebrug,370
2021-02-07,22:40,Sun,151,True,P41 - P+R Capelsebrug,370
2021-02-07,22:41,Sun,151,True,P41 - P+R Capelsebrug,370
2021-02-07,22:42,Sun,151,True,P41 - P+R Capelsebrug,370
2021-02-07,22:43,Sun,151,True,P41 - P+R Capelsebrug,370
2021-02-07,22:44,Sun,151,True,P41 - P+R Capelsebrug,370
2021-02-07,22:45,Sun,151,True,P41 - P+R Capelsebrug,370
2021-02-07,22:46,Sun,151,True,P41 - P+R Capelsebrug,370
2021-02-07,22:47,Sun,151,True,P41 - P+R Capelsebrug,370
2021-02-07,22:48,Sun,151,True,P41 - P+R Capelsebrug,370
2021-02-07,22:49,Sun,151,True,P41 - P+R Capelsebrug,370
2021-02-07,22:50,Sun,151,True,P41 - P+R Capelsebrug,370
2021-02-07,22:51,Sun,151,True,P41 - P+R Capelsebrug,370
2021-02-07,22:52,Sun,151,True,P41 - P+R Capelsebrug,370
2021-02-07,22:53,Sun,151,True,P41 - P+R Capelsebrug,370
2021-02-07,22:54,Sun,151,True,P41 - P+R Capelsebrug,370
2021-02-07,22:55,Sun,151,True,P41 - P+R Capelsebrug,370
2021-02-07,22:56,Sun,151,True,P41 - P+R Capelsebrug,370
2021-02-07,22:57,Sun,151,True,P41 - P+R Capelsebrug,370
2021-02-07,22:58,Sun,151,True,P41 - P+R Capelsebrug,370
2021-02-07,22:59,Sun,151,True,P41 - P+R Capelsebrug,370
2021-02-07,23:00,Sun,151,True,P41 - P+R Capelsebrug,370
2021-02-07,23:01,Sun,151,True,P41 - P+R Capelsebrug,370
2021-02-07,23:02,Sun,151,True,P41 - P+R Capelsebrug,370
2021-02-07,23:03,Sun,151,True,P41 - P+R Capelsebrug,370
2021-02-07,23:04,Sun,151,True,P41 - P+R Capelsebrug,370
2021-02-07,23:05,Sun,151,True,P41 - P+R Capelsebrug,370
2021-02-07,23:06,Sun,151,True,P41 - P+R Capelsebrug,370
2021-02-07,23:07,Sun,151,True,P41 - P+R Capelsebrug,370
2021-02-07,23:08,Sun,151,True,P41 - P+R Capelsebrug,370
2021-02-07,23:09,Sun,151,True,P41 - P+R Capelsebrug,370
2021-02-07,23:10,Sun,151,True,P41 - P+R Capelsebrug,370
2021-02-07,23:11,Sun,151,True,P41 - P+R Capelsebrug,370
2021-02-07,23:12,Sun,151,True,P41 - P+R Capelsebrug,370
2021-02-07,23:13,Sun,151,True,P41 - P+R Capelsebrug,370
2021-02-07,23:14,Sun,151,True,P41 - P+R Capelsebrug,370
2021-02-07,23:15,Sun,151,True,P41 - P+R Capelsebrug,370
2021-02-07,23:16,Sun,151,True,P41 - P+R Capelsebrug,370
2021-02-07,23:17,Sun,151,True,P41 - P+R Capelsebrug,370
2021-02-07,23:18,Sun,151,True,P41 - P+R Capelsebrug,370
2021-02-07,23:19,Sun,151,True,P41 - P+R Capelsebrug,370
2021-02-07,23:20,Sun,151,True,P41 - P+R Capelsebrug,370
2021-02-07,23:21,Sun,151,True,P41 - P+R Capelsebrug,370
2021-02-07,23:22,Sun,151,True,P41 - P+R Capelsebrug,370
2021-02-07,23:23,Sun,151,True,P41 - P+R Capelsebrug,370
2021-02-07,23:24,Sun,151,True,P41 - P+R Capelsebrug,370
2021-02-07,23:25,Sun,151,True,P41 - P+R Capelsebrug,370
2021-02-07,23:26,Sun,151,True,P41 - P+R Capelsebrug,370
2021-02-07,23:27,Sun,151,True,P41 - P+R Capelsebrug,370
2021-02-07,23:28,Sun,151,True,P41 - P+R Capelsebrug,370
2021-02-07,23:29,Sun,151,True,P41 - P+R Capelsebrug,370
2021-02-07,23:30,Sun,151,True,P41 - P+R Capelsebrug,370
2021-02-07,23:31,Sun,151,True,P41 - P+R Capelsebrug,370
2021-02-07,23:32,Sun,151,True,P41 - P+R Capelsebrug,370
2021-02-07,23:33,Sun,151,True,P41 - P+R Capelsebrug,370
2021-02-07,23:34,Sun,151,True,P41 - P+R Capelsebrug,370
2021-02-07,23:35,Sun,151,True,P41 - P+R Capelsebrug,370
2021-02-07,23:36,Sun,151,True,P41 - P+R Capelsebrug,370
2021-02-07,23:37,Sun,151,True,P41 - P+R Capelsebrug,370
2021-02-07,23:38,Sun,151,True,P41 - P+R Capelsebrug,370
2021-02-07,23:39,Sun,151,True,P41 - P+R Capelsebrug,370
2021-02-07,23:40,Sun,151,True,P41 - P+R Capelsebrug,370
2021-02-07,23:41,Sun,151,True,P41 - P+R Capelsebrug,370
2021-02-07,23:42,Sun,151,True,P41 - P+R Capelsebrug,370
2021-02-07,23:43,Sun,151,True,P41 - P+R Capelsebrug,370
2021-02-07,23:44,Sun,151,True,P41 - P+R Capelsebrug,370
2021-02-07,23:45,Sun,151,True,P41 - P+R Capelsebrug,370
2021-02-07,23:46,Sun,151,True,P41 - P+R Capelsebrug,370
2021-02-07,23:47,Sun,151,True,P41 - P+R Capelsebrug,370
2021-02-07,23:48,Sun,151,True,P41 - P+R Capelsebrug,370
2021-02-07,23:49,Sun,151,True,P41 - P+R Capelsebrug,370
2021-02-07,23:50,Sun,151,True,P41 - P+R Capelsebrug,370
2021-02-07,23:51,Sun,151,True,P41 - P+R Capelsebrug,370
2021-02-07,23:52,Sun,151,True,P41 - P+R Capelsebrug,370
2021-02-07,23:53,Sun,151,True,P41 - P+R Capelsebrug,370
2021-02-07,23:54,Sun,151,True,P41 - P+R Capelsebrug,370
2021-02-07,23:55,Sun,151,True,P41 - P+R Capelsebrug,370
2021-02-07,23:56,Sun,151,True,P41 - P+R Capelsebrug,370
2021-02-07,23:57,Sun,151,True,P41 - P+R Capelsebrug,370
2021-02-07,23:58,Sun,151,True,P41 - P+R Capelsebrug,370
2021-02-07,23:59,Sun,151,True,P41 - P+R Capelsebrug,370
